0.0000 0.0000 0.0000
0.716 -0.261 10.331
1.179 -0.312 10.074
1.819 -0.264 9.489
1.818 -0.263 9.41
1.645 -0.323 9.486
1.42 -0.308 9.348
1.063 -0.294 9.482
0.629 -0.101 9.456
0.6 -0.108 9.312
0.954 -0.175 8.768
1.333 -0.545 8.478
2.113 -0.818 8.509
2.427 -1.219 8.572
2.555 -1.511 8.516
2.412 -1.661 8.544
2.162 -2.15 7.939
1.808 -2.642 6.981
1.394 -2.731 5.835
1.393 -2.656 4.829
1.589 -2.546 3.751
1.62 -2.61 2.282
1.57 -2.564 0.338
1.551 -2.73 -1.125
1.266 -2.595 -2.107
0.735 -2.232 -2.767
0.265 -1.862 -3.559
-0.114 -1.245 -4.686
-0.267 -0.802 -5.863
-0.55 -0.532 -7.234
-1.219 -0.082 -7.734
-1.399 0.58 -8.236
-1.354 1.065 -8.697
-1.227 1.45 -8.93
-1.095 1.486 -9.003
-0.951 1.682 -9.335
-0.96 2.048 -9.401
-1.174 2.378 -9.435
-1.677 2.838 -8.767
-1.725 2.373 -8.028
-1.733 2.032 -7.286
-1.913 2.26 -6.299
-1.851 2.206 -5.195
-1.752 2.184 -3.891
-1.508 2.155 -2.778
-1.185 2.034 -1.905
-1.006 1.745 -1.163
-0.802 1.518 -0.779
-0.842 1.358 -0.736