0.0000 0.0000 0.0000
1.147 -1.132 16.451
1.817 -1.768 14.315
2.126 -1.764 12.823
2.784 -1.63 11.428
2.902 -1.571 10.242
2.81 -1.465 9.278
2.383 -1.534 8.299
1.739 -1.355 7.417
1.117 -1.323 6.167
0.643 -1.423 4.843
0.355 -1.229 3.963
0.259 -1.037 3.428
0.414 -1.364 3.068
0.898 -1.435 2.813
1.231 -1.386 2.299
1.194 -1.446 1.888
0.454 -1.206 1.527
-0.203 -0.853 0.883
-0.329 -0.802 0.251
-0.201 -0.825 -0.35
-0.215 -0.518 -0.867
-0.289 -0.199 -1.297
-0.234 -0.067 -1.857
-0.236 0.145 -2.309
-0.195 0.363 -2.466
-0.115 0.448 -2.564
-0.043 0.429 -2.678
-0.125 0.515 -2.617
-0.432 0.619 -2.536
-0.828 0.85 -2.765
-0.892 1.032 -2.928
-0.992 1.291 -3.127
-0.979 1.386 -3.219
-0.959 1.54 -3.225
-0.828 1.714 -3.273
-0.711 1.706 -3.506
-0.528 1.777 -3.758
-0.406 1.952 -4.02
-0.348 2.145 -4.239
-0.305 2.327 -4.375
-0.369 2.525 -4.179
-0.522 2.497 -3.778
-0.65 2.342 -3.426
-0.74 2.202 -3.178
-0.753 2.103 -2.947
-0.686 2.091 -2.833
-0.609 2.183 -2.653
-0.453 2.206 -2.258
-0.244 1.994 -1.774
-0.064 1.777 -1.355
-0.075 1.608 -1.099
-0.214 1.473 -0.954
-0.279 1.093 -0.911
-0.406 0.863 -0.966