0.0000 0.0000 0.0000
3.931 -2.028 12.538
4.159 -2.032 12.37
4.234 -1.699 11.65
3.776 -1.667 10.821
3.036 -1.811 10.411
2.25 -1.578 9.991
1.508 -1.455 9.414
0.685 -1.361 9.024
0.108 -1.087 8.492
0.114 -1.064 7.574
0.68 -1.122 6.334
1.284 -1.19 5.02
1.699 -1.14 4.026
1.667 -0.871 2.977
1.44 -0.672 1.912
1.21 -0.648 0.997
1.028 -0.833 0.553
0.718 -0.982 1.101
0.457 -1.005 1.87
0.049 -0.999 2.708
-0.713 -1.123 3.092
-1.064 -1.071 2.99
-1.027 -1.136 2.286
-0.777 -1.014 0.497
0.084 -0.68 -2.172
0.696 -0.293 -4.506
0.902 -0.108 -4.874
0.398 -0.261 -2.835
-0.822 -0.08 -0.026
-1.024 -0.27 2.251
-0.965 -0.528 2.379
-0.816 -0.363 0.254
-0.683 0.043 -3.124
-0.606 0.935 -6.061
-0.511 1.066 -7.48
-0.503 1.244 -7.327
-0.513 1.688 -6.275
-0.548 1.804 -5.173
-0.536 1.83 -4.553
-0.5 1.957 -4.683
-0.648 2.011 -5.146
-1.1 2.112 -5.304
-1.361 2.332 -5.144
-1.612 2.392 -5.078
-1.667 2.419 -5.173
-1.526 2.531 -5.061
-1.235 2.554 -4.839
-0.922 2.514 -4.433
-0.666 2.452 -4.076
-0.401 2.431 -3.832
-0.266 2.36 -3.414
-0.239 2.253 -2.866
-0.319 2.097 -2.277
-0.39 2.025 -1.782
-0.412 1.943 -1.259
-0.724 1.844 -0.944
-0.97 1.495 -0.47
-1.097 1.26 -0.078
-1.039 1.125 0.067
-0.806 1.004 0.06
-0.518 0.912 0.088