0.0000 0.0000 0.0000
1.587 -2.33 16.753
2.316 -2.045 15.25
3.343 -2.263 13.432
3.681 -1.967 11.347
3.571 -1.478 9.282
3.119 -1.373 7.621
2.212 -1.296 6.703
1.414 -1.209 6.231
0.548 -1.468 6.203
0.037 -1.062 6.151
-0.027 -0.999 5.717
0.036 -1.296 5.033
0.342 -1.287 3.97
0.696 -1.304 2.926
0.592 -1.002 1.677
0.351 -0.643 0.139
0.127 -0.311 -0.952
0.071 0.012 -1.796
0.064 0.131 -2.168
-0.002 0.23 -2.08
-0.079 0.25 -1.803
-0.175 0.277 -1.683
-0.243 0.318 -1.756
-0.409 0.303 -1.917
-0.764 0.402 -2.096
-0.895 0.793 -2.472
-0.676 0.826 -2.914
-0.565 1.019 -3.355
-0.715 1.382 -3.882
-0.73 1.485 -4.045
-0.717 1.57 -4.054
-0.758 1.68 -4.019
-0.69 1.788 -3.988
-0.621 1.919 -4.012
-0.68 2.08 -4.171
-0.655 2.277 -4.184
-0.822 2.239 -4.059
-0.955 2.265 -3.748
-1.015 2.142 -3.683
-0.965 2.083 -3.806
-0.86 2.064 -3.762
-0.713 2.116 -3.644
-0.625 2.198 -3.323
-0.64 2.219 -2.887
-0.584 2.161 -2.365
-0.388 1.962 -1.81
-0.168 1.766 -1.353
-0.013 1.658 -0.77
-0.124 1.492 -0.434
-0.25 1.317 -0.339
-0.345 1.082 -0.426
-0.595 0.931 -0.219