0.0000 0.0000 0.0000
2.181 -2.942 18.339
1.989 -2.277 16.574
2.057 -2.058 14.925
2.748 -1.671 13.001
2.99 -1.745 11.598
2.95 -1.717 10.869
2.715 -2.071 10.782
2.357 -2.174 10.703
1.725 -1.655 10.9
0.742 -0.946 10.637
0.659 -0.688 10.237
1.8 -0.757 8.964
3.18 -0.612 6.947
4.043 -1.258 5.45
3.94 -1.649 4.311
3.615 -1.674 3.492
2.831 -1.567 2.47
1.643 -1.393 1.749
0.979 -1.452 1.117
0.605 -2.082 0.419
0.114 -2.107 0.317
0.188 -2.275 0.406
0.54 -2.073 0.158
1.046 -2.245 -0.684
1.243 -2.495 -1.512
0.576 -2.142 -2.602
-0.196 -1.824 -3.471
-0.961 -1.728 -4.097
-1.416 -0.917 -4.825
-1.309 -0.532 -4.739
-1.514 -0.324 -4.662
-1.854 0.337 -4.558
-1.884 0.458 -4.55
-1.894 0.843 -4.629
-1.885 1.009 -4.787
-2.197 0.994 -4.972
-2.606 1.127 -5.224
-2.949 1.101 -5.262
-3.119 1.473 -6.046
-3.213 2.145 -6.907
-2.952 2.249 -7.259
-2.286 2.352 -6.662
-1.678 1.996 -5.953
-1.208 1.969 -4.642
-0.95 1.901 -3.773
-1.01 1.685 -3.068
-1.314 1.697 -2.933
-1.501 2.114 -3.967
-1.575 2.368 -4.889
-1.599 2.441 -5.59
-0.68 1.964 -6.203
-0.371 1.94 -6.445
-0.075 1.927 -4.8
1.052 1.062 -4.053
1.11 1.145 -2.984
0.258 1.134 -1.91
-0.448 1.09 -1.288
-0.756 1.136 -0.987
-0.784 1.117 -1.095
-0.628 0.954 -1.123
-0.384 0.918 -1.261
-0.078 0.973 -1.014
0.282 0.971 -0.783
0.331 1.063 -0.61
0.212 1.224 -0.359
0.027 1.101 -0.297
0.007 0.44 -0.337
-0.303 1.128 0.515