0.0000 0.0000 0.0000
1.621 -3.838 17.253
1.028 -3.316 16.57
0.848 -3.01 15.896
1.34 -2.83 14.211
1.835 -2.814 11.954
2.479 -2.524 10.112
2.843 -2.099 8.885
2.998 -2.001 8.299
2.802 -1.836 8.081
2.418 -1.747 7.488
2.245 -1.641 6.386
2.073 -1.572 5.135
1.693 -1.458 4.225
1.161 -1.139 3.639
0.925 -1.008 3.215
0.91 -0.959 2.565
0.982 -1.001 1.869
0.815 -0.927 1.157
0.363 -0.618 -0.113
-0.172 -0.436 -1.515
-0.586 -0.047 -2.82
-0.769 0.568 -3.581
-0.855 1.063 -3.93
-1.33 1.301 -3.718
-1.809 1.361 -3.441
-2.042 1.371 -3.079
-2.105 1.277 -2.59
-2.067 1.089 -2.047
-1.869 0.98 -1.549
-1.664 0.96 -1.722
-1.412 1.019 -2.61
-1.322 1.089 -3.607
-1.19 1.282 -4.306
-0.95 1.455 -5.1
-0.424 1.611 -5.443
-0.037 1.364 -5.019
-0.119 0.943 -4.448
-0.754 0.901 -3.866
-1.006 0.974 -3.927
-0.957 1.247 -5.232
-0.766 1.519 -6.562
-1.017 2.315 -7.397
-0.114 1.48 -6.804
1.276 0.16 -5.529
1.105 0.523 -4.484
0.253 0.445 -3.743
-0.599 0.056 -2.946
-1.383 0.498 -2.496
-1.598 0.836 -2.497
-1.077 0.778 -2.868
-0.409 0.649 -3.641
-0.152 0.498 -3.94
-0.102 0.293 -3.124
-0.265 0.289 -1.657
-0.505 0.364 -0.301
-0.644 0.586 0.641
-0.545 0.631 0.862
-0.456 0.628 0.801
-0.436 0.815 0.738
-0.324 1.199 0.57
-0.222 1.269 0.116
-0.14 0.745 0.148