0.0000 0.0000 0.0000
4.224 -1.157 14.658
3.879 -1.335 14.227
3.56 -1.865 13.899
2.79 -1.902 14.207
2.132 -1.764 14.096
1.91 -2.329 13.092
2.081 -2.535 11.756
2.226 -2.454 9.753
2.185 -2.191 7.399
2.182 -2.076 5.495
2.024 -2.092 4.015
1.58 -1.952 2.82
1.181 -1.731 1.952
0.864 -1.566 1.576
0.442 -1.117 1.211
0.122 -1.091 0.806
-0.657 -0.585 0.561
-0.979 -0.001 0.445
-1.027 0.3 0.306
-0.942 0.485 -0.095
-0.787 0.549 -0.559
-0.734 0.752 -1.339
-0.583 1.013 -3.343
-0.335 0.929 -5.068
-0.491 1.327 -5.415
-0.692 1.177 -4.313
-1.218 1.206 -2.442
-1.716 1.499 -1.552
-1.812 1.211 -0.595
-1.743 0.995 -0.492
-1.663 0.887 -1.555
-2.264 1.324 -3.64
-1.65 1.562 -4.957
0.143 1.259 -4.754
0.732 1.926 -3.986
0.461 2.191 -4.863
-0.343 1.825 -4.85
-0.645 1.617 -3.952
-1.278 1.119 -3.41
-1.917 1.257 -3.181
-1.441 1.502 -4.164
-0.651 1.205 -4.636
0.025 1.153 -4.525
0.402 1.09 -4.193
0.689 0.912 -3.705
0.689 0.527 -2.998
0.577 0.078 -2.371
0.278 -0.299 -1.927
-0.369 -0.364 -1.381
-1.642 -0.276 -0.062
-1.745 -0.05 -0.952
-1.114 -0.166 -0.891
-0.58 0.031 -0.819
-0.6 0.416 -1.177
-0.747 0.184 -1.249
-0.775 -0.273 -1.262