0.0000 0.0000 0.0000
4.75 -0.27 15.865
4.266 -0.131 14.253
3.874 -0.109 12.87
3.65 -0.184 11.601
3.501 -0.166 10.768
3.539 -0.261 10.329
3.779 -0.683 9.951
3.117 -0.761 9.947
1.848 -1.013 10.193
0.819 -1.584 10.32
0.34 -1.727 9.857
0.375 -1.933 8.44
0.562 -1.878 6.657
1.014 -2.069 5.457
1.335 -2.328 4.247
1.038 -2.397 3.142
0.658 -2.303 2.353
0.454 -2.237 1.609
0.185 -2.056 0.854
-0.203 -1.85 0.01
-0.795 -1.665 -0.395
-1.595 -1.378 -0.752
-1.788 -1.154 -1.039
-1.799 -0.754 -1.469
-1.421 -0.687 -2.21
-1.089 -0.36 -3.256
-0.877 -0.126 -4.189
-0.763 0.101 -4.951
-0.739 0.746 -5.516
-1.113 0.835 -5.697
-1.941 0.967 -5.575
-2.488 0.922 -5.069
-2.868 0.942 -4.33
-2.814 1.253 -3.836
-2.214 1.291 -3.866
-1.415 1.343 -4.273
-0.998 1.571 -4.897
-0.57 1.715 -5.114
-0.315 1.88 -4.887
-0.077 1.881 -4.458
-0.043 1.754 -4.107
-0.426 1.837 -3.878
-0.806 1.972 -3.628
-0.898 1.663 -3.722
-0.817 1.427 -4.005
-0.269 1.207 -3.742
0.248 1.336 -3.394
0.413 1.151 -3.227
0.242 1.139 -2.99
0.106 1.051 -2.932
-0.094 0.773 -3.415
-0.498 0.593 -3.599
-0.707 0.568 -3.386
-0.739 0.459 -3.038
-0.622 0.413 -2.562
-0.482 0.381 -2.056
-0.279 0.368 -1.928
-0.208 0.349 -1.675
-0.256 0.288 -1.292
-0.394 0.225 -0.878
-0.544 0.366 -0.566
-0.559 0.467 -0.466
-0.477 0.627 -0.825
-0.274 0.659 -1.208
-0.126 0.654 -1.233
-0.036 0.674 -1.058
0.001 0.822 -0.814
-0.153 0.93 -0.69
-0.258 0.75 -0.371
-0.301 0.52 -0.153
-0.4 0.727 -0.275