0.0000 0.0000 0.0000
5.164 -1.769 11.202
4.889 -1.842 10.521
4.305 -1.701 9.426
3.314 -1.695 8.414
2.0 -1.672 8.013
0.74 -1.703 8.125
0.08 -1.696 8.079
0.011 -2.164 8.159
0.019 -2.474 8.067
0.069 -2.623 7.898
0.053 -3.188 8.117
-0.098 -3.257 8.443
-0.114 -3.457 8.012
0.009 -3.602 6.806
0.025 -3.311 5.056
0.083 -3.014 3.482
0.118 -2.747 2.168
0.166 -2.524 1.288
0.175 -2.298 1.047
0.115 -1.93 0.934
0.086 -1.642 0.849
0.06 -1.469 0.695
-0.023 -1.227 0.082
-0.175 -1.044 -0.959
-0.503 -0.578 -1.984
-0.814 -0.055 -2.544
-1.035 0.381 -3.074
-1.146 0.998 -3.318
-1.04 1.131 -3.65
-0.773 1.302 -4.198
-0.583 1.525 -4.709
-0.499 1.993 -5.626
-0.389 2.371 -6.348
-0.281 2.479 -7.057
-0.184 2.851 -7.412
-0.105 3.247 -7.713
-0.06 3.465 -7.554
-0.14 3.61 -6.98
-0.29 3.646 -6.385
-0.425 3.488 -5.85
-0.442 3.441 -5.411
-0.51 3.433 -5.017
-0.519 3.331 -4.377
-0.623 3.127 -3.586
-0.724 2.814 -2.839
-0.781 2.576 -2.193
-0.789 2.344 -1.655
-0.813 2.144 -1.145
-0.853 1.964 -0.763
-0.888 1.811 -0.609
-0.963 1.681 -0.677
-0.927 1.573 -0.67
-0.808 1.468 -0.5
-0.762 1.33 -0.372
-0.815 1.059 0.052
-0.871 1.496 0.056