0.0000 0.0000 0.0000
2.018 -2.312 16.477
2.152 -3.107 15.769
2.669 -2.968 14.261
2.868 -2.947 12.774
2.659 -2.989 11.859
2.315 -2.767 10.923
1.911 -2.56 9.796
1.522 -2.588 8.385
1.18 -2.803 7.012
1.355 -2.859 5.587
1.409 -2.556 4.408
1.346 -2.266 3.027
1.03 -2.013 1.906
0.237 -1.579 1.181
-0.19 -0.904 0.459
-0.163 -0.908 -0.534
0.025 -1.042 -1.23
0.384 -0.808 -1.443
0.346 -0.451 -1.359
-0.024 -0.105 -1.456
-0.237 0.181 -1.698
-0.325 0.516 -2.459
-0.422 0.663 -3.523
-0.742 0.743 -4.119
-1.098 1.22 -4.422
-1.273 1.443 -4.334
-1.508 1.548 -4.297
-1.477 1.6 -4.306
-1.226 1.923 -4.315
-1.121 2.05 -4.237
-0.957 2.198 -4.331
-0.723 2.366 -4.544
-0.487 2.431 -4.581
-0.413 2.576 -4.519
-0.423 2.671 -4.515
-0.415 2.758 -4.736
-0.529 2.827 -4.866
-0.769 2.923 -4.638
-0.89 2.838 -4.312
-0.904 2.692 -4.087
-0.917 2.672 -4.032
-0.817 2.896 -3.741
-0.658 2.943 -3.255
-0.532 2.83 -2.791
-0.409 2.65 -2.262
-0.377 2.48 -1.734
-0.356 2.154 -1.276
-0.407 1.982 -0.726
-0.496 1.775 -0.352
-0.73 1.709 0.303