0.0000 0.0000 0.0000
1.621 -0.899 12.167
1.235 -0.835 12.08
0.956 -0.691 11.079
0.766 -0.811 9.867
0.663 -1.161 9.354
0.64 -1.347 9.626
0.895 -1.358 10.042
1.322 -1.205 10.236
1.406 -1.162 9.85
1.808 -1.055 8.848
2.584 -1.027 7.489
2.825 -1.071 6.412
2.75 -0.938 5.737
2.613 -0.783 5.077
2.558 -0.834 4.44
2.207 -0.923 4.004
1.763 -1.167 3.819
1.164 -1.473 3.601
0.685 -1.636 3.077
0.574 -1.92 1.968
0.422 -1.814 0.909
0.06 -1.59 -0.198
-0.591 -1.439 -1.781
-0.808 -1.114 -3.413
-0.865 -0.753 -4.554
-0.847 -0.453 -5.435
-1.056 -0.158 -5.9
-1.321 0.4 -6.068
-1.369 0.705 -6.358
-1.319 0.832 -6.877
-1.316 0.99 -7.465
-1.426 1.391 -7.597
-1.542 1.735 -7.277
-1.62 1.975 -7.204
-1.544 2.036 -7.053
-1.519 2.091 -6.744
-1.471 2.218 -6.363
-1.384 2.436 -6.028
-1.245 2.554 -6.02
-1.198 2.704 -5.952
-1.165 2.7 -5.572
-1.1 2.568 -5.118
-1.067 2.535 -4.736
-0.892 2.471 -4.297
-0.665 2.25 -3.841
-0.529 2.266 -3.44
-0.373 2.41 -2.941
-0.223 2.436 -2.353
-0.063 2.262 -1.644
-0.005 2.104 -0.902
-0.108 2.006 -0.295
-0.226 1.952 0.208
-0.35 1.869 0.558
-0.419 1.544 0.45
-0.73 1.648 0.646