0.0000 0.0000 0.0000
2.362 -1.778 14.77
2.281 -1.876 14.207
2.191 -1.671 12.933
2.041 -1.504 11.932
2.147 -1.259 10.886
2.363 -1.141 9.461
2.696 -1.131 8.334
2.96 -1.035 7.233
2.966 -0.94 6.26
2.704 -0.837 5.341
2.364 -0.805 4.591
1.956 -1.026 4.072
1.45 -1.544 3.897
0.908 -1.7 4.145
0.61 -1.969 4.006
0.679 -2.126 3.769
0.697 -2.094 3.367
0.558 -1.98 2.745
0.433 -2.014 1.618
0.304 -2.132 0.62
0.36 -2.194 0.075
0.125 -1.639 -0.294
-0.11 -1.199 -0.902
-0.22 -1.088 -1.708
-0.543 -0.979 -2.037
-1.005 -0.579 -2.514
-1.138 -0.297 -3.03
-1.127 0.0 -3.296
-1.126 0.292 -3.294
-1.143 0.323 -3.774
-1.391 0.644 -4.302
-1.433 1.166 -5.078
-1.22 1.42 -5.906
-1.021 1.476 -6.307
-0.617 1.708 -6.633
-0.659 2.131 -6.961
-0.808 2.496 -7.282
-0.391 2.556 -6.743
-0.697 2.602 -6.112
-0.98 2.17 -6.345
-0.762 1.332 -6.349
-1.677 2.569 -4.179