0.0000 0.0000 0.0000
3.405 1.091 15.943
2.642 1.327 14.072
2.43 0.918 12.812
2.463 0.8 11.711
2.354 0.901 10.566
2.317 0.63 9.38
2.094 0.386 8.244
1.738 0.21 7.178
1.349 -0.009 6.443
0.791 -0.249 5.773
0.342 -0.379 5.195
0.1 -0.419 4.469
0.047 -0.558 3.979
0.086 -0.864 3.495
0.0 -0.821 3.068
-0.043 -0.739 2.58
-0.056 -0.966 2.287
-0.136 -1.171 2.352
-0.597 -1.571 2.685
-0.813 -1.785 2.58
-0.49 -1.736 1.788
0.041 -1.614 0.153
0.269 -1.426 -1.499
0.415 -1.266 -2.289
0.304 -1.14 -2.215
0.076 -1.052 -2.063
-0.155 -1.041 -1.796
-0.674 -0.851 -1.659
-0.848 -0.74 -1.933
-0.875 -0.683 -2.601
-0.865 -0.494 -3.324
-0.813 -0.255 -4.095
-0.654 0.192 -4.504
-0.597 0.63 -5.157
-0.46 0.911 -5.77
-0.216 1.044 -6.408
-0.082 1.293 -6.638
-0.186 1.431 -6.474
-0.4 1.77 -6.18
-0.636 2.007 -6.002
-0.779 2.117 -5.677
-0.934 2.276 -5.204
-0.832 2.238 -4.796
-0.671 2.083 -4.618
-0.492 2.064 -4.535
-0.417 2.202 -4.478
-0.401 2.284 -4.185
-0.309 2.236 -3.853
-0.243 2.107 -3.64
-0.081 1.931 -3.354
-0.107 1.833 -2.88
-0.304 1.727 -2.515
-0.471 1.563 -1.936
-0.571 1.45 -1.32
-0.695 1.356 -0.964
-0.832 1.238 -0.66
-0.904 1.252 -0.405
-0.986 1.049 -0.114
-0.784 0.824 -0.042
-0.628 0.982 -0.581
-0.418 1.306 -0.807