0.0000 0.0000 0.0000
2.138 0.212 17.003
1.95 0.398 14.949
1.893 0.591 12.73
2.367 0.325 10.776
2.674 0.344 9.414
2.742 0.335 8.731
2.606 0.155 8.444
2.251 0.053 8.125
1.982 -0.011 7.261
1.586 -0.174 6.156
1.177 -0.225 4.928
0.594 -0.263 3.616
0.19 -0.435 2.669
-0.009 -0.504 2.307
0.206 -0.669 2.076
0.763 -0.912 2.187
1.023 -0.967 2.434
0.938 -1.06 2.596
0.646 -1.523 2.224
-0.021 -1.612 2.036
-0.476 -1.494 1.677
-0.549 -1.336 1.208
-0.477 -1.28 0.527
-0.334 -1.221 -0.456
0.103 -1.219 -1.376
0.507 -1.166 -1.859
0.611 -1.11 -1.923
0.481 -1.223 -2.006
0.036 -0.954 -2.193
-0.38 -0.747 -2.465
-0.549 -0.422 -3.003
-0.796 -0.285 -3.711
-1.199 -0.11 -4.374
-1.286 0.193 -4.928
-1.123 0.441 -5.4
-0.941 0.69 -5.645
-0.83 0.983 -5.683
-0.557 1.091 -5.908
-0.682 1.293 -5.869
-0.855 1.543 -5.42
-0.968 1.621 -5.076
-1.13 1.674 -4.861
-1.137 1.765 -4.711
-1.144 1.727 -4.628
-1.082 1.856 -4.519
-1.051 2.032 -4.334
-1.006 2.044 -3.883
-0.974 2.004 -3.495
-0.972 1.855 -3.137
-0.978 1.712 -2.84
-0.915 1.093 -2.616
-1.28 1.708 -2.234