0.0000 0.0000 0.0000
4.147 -1.321 17.658
3.93 -0.982 16.082
3.46 -0.789 14.422
2.648 -0.495 12.764
1.926 -0.195 11.065
1.027 0.082 9.424
0.623 0.125 8.171
0.483 0.061 7.406
0.452 0.012 7.036
0.639 -0.23 6.565
1.092 -0.362 5.814
1.457 -0.489 4.698
1.518 -0.664 3.78
1.28 -0.745 3.109
0.911 -1.015 2.419
0.242 -1.189 2.047
-0.324 -1.139 1.998
-0.369 -1.129 1.91
-0.332 -1.179 1.469
-0.196 -1.242 0.77
0.03 -1.54 0.219
0.13 -1.636 -0.172
0.109 -1.817 -0.31
-0.065 -1.696 -0.408
-0.257 -1.414 -0.755
-0.326 -1.385 -1.076
-0.5 -1.281 -1.339
-0.803 -1.075 -1.61
-0.801 -0.838 -2.035
-0.565 -0.737 -2.409
-0.242 -0.543 -2.884
-0.14 -0.299 -3.087
-0.195 0.109 -3.381
-0.408 0.314 -3.526
-0.789 0.55 -3.544
-1.055 0.71 -3.793
-1.122 0.872 -3.853
-1.079 0.931 -3.967
-1.152 1.364 -4.114
-1.097 1.546 -4.073
-0.918 1.71 -4.028
-0.878 1.841 -3.857
-0.773 1.838 -3.825
-0.756 1.878 -3.779
-0.818 2.121 -3.573
-0.779 2.185 -3.629
-0.736 2.277 -3.939
-0.783 2.557 -3.941
-0.679 2.508 -3.806
-0.559 2.413 -3.865
-0.451 2.396 -4.262
-0.346 2.492 -4.379
-0.303 2.562 -4.096
-0.298 2.564 -3.678
-0.26 2.558 -3.155
-0.173 2.44 -2.607
-0.121 2.299 -2.087
-0.187 2.19 -1.672
-0.315 2.005 -1.28
-0.404 1.201 -1.195
-0.768 1.383 -1.033