0.0000 0.0000 0.0000
3.285 -0.52 16.253
3.154 -0.321 14.3
2.83 -0.237 12.654
2.539 -0.015 11.268
2.405 -0.057 9.685
2.389 -0.198 8.277
2.279 -0.479 7.561
2.0 -0.621 7.175
1.593 -0.611 6.69
1.339 -0.808 6.211
1.084 -1.184 5.685
0.889 -1.384 5.228
0.706 -1.375 4.757
0.402 -1.298 4.281
0.233 -1.263 3.715
0.356 -1.369 3.18
0.329 -1.586 2.491
0.149 -1.574 1.458
0.126 -1.623 0.64
0.191 -1.633 0.188
0.206 -1.565 0.031
0.134 -1.468 0.105
-0.146 -1.39 0.224
-0.511 -1.251 0.159
-0.675 -1.1 0.039
-0.762 -1.171 -0.196
-0.79 -1.149 -0.823
-0.892 -0.965 -1.715
-1.19 -0.567 -2.302
-1.132 -0.243 -2.925
-1.001 0.048 -3.494
-1.056 0.569 -3.791
-1.157 0.762 -4.127
-1.455 0.798 -4.249
-1.56 0.881 -4.238
-1.481 1.181 -4.547
-1.273 1.408 -4.85
-1.042 1.551 -5.106
-0.808 1.715 -5.165
-0.581 1.862 -4.889
-0.376 2.012 -5.021
-0.433 2.113 -5.088
-0.399 2.065 -5.139
-0.428 2.065 -5.539
-0.557 2.29 -5.597
-0.579 2.595 -5.477
-0.573 2.542 -5.041
-0.559 2.392 -4.666
-0.451 2.316 -4.432
-0.371 2.3 -4.092
-0.179 2.346 -3.58
0.053 2.102 -2.903
0.246 1.875 -2.19
0.161 1.584 -1.669
-0.112 1.46 -1.227
-0.36 1.452 -0.923
-0.565 1.513 -0.831
-0.586 1.25 -0.773