0.0000 0.0000 0.0000
3.707 -0.356 14.831
3.198 -1.079 14.623
2.637 -0.859 14.161
2.115 -0.687 14.382
2.274 -0.411 14.004
2.503 -0.361 12.569
2.692 -0.368 10.407
2.535 -0.478 8.211
2.049 -0.654 6.623
1.629 -0.761 5.444
1.388 -1.03 4.908
1.258 -1.228 5.072
0.994 -1.338 5.582
0.636 -1.696 5.687
0.331 -2.233 5.455
0.039 -2.371 4.435
-0.291 -2.488 3.078
-0.529 -2.299 1.925
-0.554 -2.112 0.871
-0.421 -1.953 0.241
-0.284 -1.818 -0.791
-0.23 -1.653 -1.229
0.129 -1.617 -1.675
-0.133 -1.317 -1.861
-0.491 -1.151 -1.407
-0.691 -1.019 -1.146
-0.889 -0.9 -1.488
-0.878 -0.766 -2.296
-0.557 -0.56 -2.92
-0.295 -0.254 -3.429
-0.153 -0.229 -3.991
-0.129 0.077 -4.325
-0.177 0.242 -4.599
-0.297 0.347 -4.949
-0.784 0.554 -5.109
-1.188 1.067 -5.564
-1.242 1.219 -5.921
-1.307 1.235 -6.277
-1.133 1.387 -6.571
-0.908 1.645 -6.362
-0.808 1.877 -5.976
-0.934 2.068 -5.792
-0.987 2.258 -5.377
-0.768 2.299 -5.02
-0.424 2.302 -4.794
-0.261 2.434 -4.495
-0.183 2.345 -4.313
-0.303 2.292 -4.045
-0.591 2.459 -3.813
-0.765 2.515 -3.475
-0.8 2.436 -3.024
-0.789 2.356 -2.618
-0.719 2.224 -2.296
-0.638 2.062 -2.127
-0.643 1.89 -1.897
-0.751 1.796 -1.664
-0.917 1.676 -1.575
-1.291 2.112 -1.426
-1.55 2.504 -1.076