0.0000 0.0000 0.0000
4.655 -1.088 17.718
4.026 -0.712 16.532
3.537 -0.374 15.241
3.244 -0.233 14.036
3.031 -0.261 12.503
2.745 -0.339 11.106
2.497 -0.287 9.418
2.299 -0.448 8.149
1.957 -0.671 7.153
1.511 -0.922 6.472
0.998 -1.244 6.152
0.614 -1.369 5.994
0.561 -1.379 5.524
0.72 -1.465 4.359
0.872 -1.681 2.966
0.802 -1.918 1.868
0.756 -2.036 1.319
0.793 -2.125 0.817
0.515 -2.189 0.226
0.084 -2.065 0.04
-0.259 -1.996 -0.041
-0.733 -1.943 -0.261
-0.927 -1.981 -0.657
-0.886 -2.292 -1.367
-0.944 -2.071 -2.144
-0.987 -1.364 -2.722
-0.932 -1.253 -3.51
-0.89 -1.042 -4.555
-0.905 -0.619 -5.255
-0.892 -0.445 -5.626
-0.906 -0.211 -5.554
-0.901 0.301 -5.783
-0.889 0.555 -6.049
-1.076 0.956 -6.168
-1.296 1.438 -5.948
-1.442 1.562 -6.094
-1.375 1.793 -6.235
-1.332 2.105 -6.387
-1.277 2.153 -6.662
-1.304 2.429 -6.539
-1.312 2.522 -6.04
-1.249 2.537 -5.6
-1.176 2.473 -5.048
-1.248 2.57 -4.354
-1.209 2.649 -3.918
-1.149 2.746 -3.69
-1.085 2.575 -3.226
-1.158 2.43 -2.662
-1.189 2.368 -2.172
-1.147 2.191 -1.843
-1.153 1.412 -1.589
-1.71 1.408 -1.344
-2.073 2.388 -1.339