0.0000 0.0000 0.0000
6.439 -1.02 15.124
4.606 -1.866 15.93
2.628 -1.86 15.966
1.124 -1.648 15.403
0.684 -1.285 14.122
0.745 -0.993 12.373
1.291 -1.04 10.489
2.015 -1.057 8.26
2.434 -0.977 6.356
2.691 -0.844 4.876
2.62 -0.769 4.052
2.254 -0.7 3.604
1.822 -0.716 3.209
1.295 -0.912 2.819
0.924 -1.131 2.408
0.72 -1.328 2.098
0.699 -1.497 1.586
0.629 -1.597 0.997
0.359 -1.489 0.587
0.03 -1.495 0.244
-0.334 -1.432 -0.168
-0.852 -1.34 -0.539
-0.999 -1.336 -1.278
-1.08 -1.271 -2.072
-1.093 -1.17 -2.572
-1.096 -0.992 -3.038
-1.184 -0.91 -3.312
-1.212 -0.621 -3.455
-1.177 -0.369 -3.661
-1.163 0.003 -3.95
-1.141 0.296 -4.486
-1.234 0.68 -4.709
-1.309 0.939 -4.781
-1.497 1.061 -4.484
-1.7 1.058 -4.174
-1.72 1.107 -4.084
-1.539 1.514 -4.408
-1.308 1.888 -4.855
-1.099 2.147 -5.145
-0.817 2.226 -4.915
-0.64 2.167 -4.691
-0.654 2.079 -4.523
-0.701 1.975 -4.493
-0.846 1.795 -4.147
-0.994 1.736 -3.56
-1.015 1.846 -3.066
-0.914 1.895 -2.673
-0.814 1.981 -2.449
-0.663 2.136 -2.368
-0.493 2.164 -2.226
-0.375 2.085 -2.115
-0.346 1.98 -2.085
-0.208 1.67 -2.143
-0.411 1.52 -1.627