0.0000 0.0000 0.0000
2.966 -1.407 16.649
3.635 -1.379 15.415
3.788 -1.456 14.468
3.401 -1.543 14.142
2.604 -1.38 13.521
1.843 -1.044 12.436
1.064 -0.741 11.278
0.398 -0.581 10.047
0.254 -0.824 8.792
0.203 -1.026 7.741
0.295 -1.131 6.596
0.756 -1.414 5.592
1.198 -1.376 4.576
1.38 -1.48 3.437
1.337 -1.668 2.085
1.186 -1.63 1.057
0.955 -1.562 0.314
0.721 -1.578 -0.346
0.279 -1.515 -0.561
-0.119 -1.424 -0.746
-0.176 -1.48 -0.999
-0.417 -1.323 -1.244
-0.487 -1.122 -1.533
-0.481 -1.087 -1.949
-0.485 -0.866 -2.495
-0.445 -0.805 -2.823
-0.452 -0.708 -3.153
-0.588 -0.542 -3.363
-0.969 -0.221 -3.225
-1.26 0.171 -3.178
-1.435 0.568 -3.248
-1.447 0.761 -3.19
-1.233 0.909 -3.656
-1.006 0.913 -4.143
-1.061 1.089 -4.41
-0.972 1.393 -4.667
-0.771 1.495 -4.657
-0.72 1.699 -4.941
-0.777 1.865 -5.007
-0.536 2.144 -4.86
-0.318 2.093 -4.882
-0.398 2.134 -4.679
-0.471 2.179 -4.409
-0.622 2.22 -4.08
-0.775 2.299 -3.689
-0.741 2.285 -3.424
-0.597 2.324 -3.288
-0.477 2.341 -3.192
-0.386 2.219 -2.967
-0.331 2.083 -2.714
-0.366 1.909 -2.356
-0.485 1.805 -1.724
-0.419 1.288 -1.655
-0.653 1.418 -1.369
-0.682 1.681 -1.094