0.0000 0.0000 0.0000
3.586 -1.02 17.278
3.254 -0.9 14.809
2.859 -1.026 14.009
2.547 -0.708 12.936
2.379 -0.576 12.09
2.227 -0.484 11.623
2.073 -0.479 10.736
1.969 -0.465 9.792
1.66 -0.178 8.563
1.468 -0.03 7.18
1.244 0.058 5.773
0.982 0.155 4.618
0.866 0.123 3.57
0.805 0.076 2.773
0.914 -0.026 2.186
1.133 -0.282 1.726
1.08 -0.409 1.519
0.826 -0.635 1.556
0.631 -0.795 1.383
0.456 -1.112 1.211
0.298 -1.148 1.219
0.329 -1.162 1.166
0.39 -1.278 0.747
0.317 -1.401 -0.24
0.164 -1.553 -1.0
0.165 -1.484 -1.409
0.149 -1.456 -1.5
0.065 -1.199 -1.307
-0.053 -1.208 -1.064
-0.487 -1.044 -1.449
-0.74 -0.664 -2.64
-0.692 -0.753 -3.454
-1.071 -0.134 -4.254
-1.42 0.171 -4.579
-1.83 0.249 -4.586
-1.931 0.276 -4.524
-1.799 0.283 -4.132
-1.825 0.47 -3.779
-1.738 0.647 -3.591
-1.374 0.72 -3.516
-1.039 0.915 -3.871
-0.9 1.125 -4.587
-0.733 1.271 -5.275
-0.78 1.42 -5.833
-1.133 1.648 -5.681
-1.356 1.871 -5.277
-1.392 2.003 -4.732
-1.417 1.975 -4.276
-1.482 2.079 -3.917
-1.42 2.285 -3.654
-1.131 2.289 -3.47
-0.846 2.189 -3.476
-0.64 2.031 -3.413
-0.602 1.966 -3.33
-0.68 1.838 -3.204
-0.776 1.766 -2.832
-0.991 1.736 -2.445
-1.013 1.692 -2.14
-0.997 1.738 -1.823
-0.786 1.926 -1.735
-0.595 1.837 -1.777
-0.415 1.033 -1.961
-0.692 1.696 -1.533