0.0000 0.0000 0.0000
3.276 -1.028 20.183
3.862 -0.882 18.57
4.407 -0.079 16.11
4.673 -0.096 13.292
4.223 -0.233 11.342
2.982 -0.107 10.234
1.399 -0.199 9.831
0.044 -0.188 9.856
-0.572 -0.221 9.982
-0.954 -0.199 10.079
-0.652 -0.377 9.166
0.025 -0.589 7.378
1.177 -0.901 5.046
1.732 -1.138 2.757
1.731 -1.197 0.87
1.437 -1.198 -0.044
1.181 -1.086 -0.591
0.942 -1.055 -0.653
0.615 -0.993 -0.449
0.321 -0.971 -0.077
0.142 -1.089 -0.017
0.068 -1.317 -0.317
-0.128 -1.323 -0.794
-0.494 -1.432 -1.327
-0.833 -1.108 -1.952
-0.87 -0.816 -2.869
-0.766 -0.786 -3.323
-0.663 -0.742 -3.56
-0.64 -0.443 -3.962
-0.662 -0.183 -3.971
-0.76 -0.001 -3.841
-0.796 0.032 -3.698
-0.897 0.115 -3.604
-0.945 0.207 -3.683
-1.126 0.393 -3.798
-1.246 0.819 -3.754
-1.285 1.048 -3.499
-1.122 1.003 -3.347
-1.01 1.049 -3.495
-0.883 1.324 -4.077
-0.795 1.372 -4.367
-0.853 1.537 -4.103
-0.785 1.633 -4.054
-0.698 1.564 -4.106
-0.818 1.658 -3.928
-1.012 1.725 -3.647
-1.152 1.802 -3.368
-1.218 1.941 -3.161
-1.165 1.928 -3.198
-1.04 1.95 -3.24
-0.927 1.988 -3.106
-0.645 2.013 -3.166
-0.408 2.036 -3.409
-0.298 2.168 -3.611
-0.277 2.331 -3.698
-0.283 2.27 -3.544
-0.212 2.267 -3.276
-0.096 2.161 -3.052
-0.147 2.152 -2.522
-0.175 2.083 -2.106
-0.261 1.9 -1.74
-0.355 1.736 -1.428
-0.397 1.519 -1.311
-0.366 0.98 -1.404
-0.795 1.063 -1.083
-1.086 1.767 -0.535