0.0000 0.0000 0.0000
3.095 -0.709 17.33
3.148 -0.656 14.951
2.79 -0.478 12.982
2.459 -0.12 11.295
1.98 -0.039 9.89
1.481 -0.035 8.47
1.195 -0.023 7.063
1.273 -0.107 5.839
1.465 -0.311 5.048
1.448 -0.453 4.63
1.423 -0.674 4.52
1.359 -0.952 4.249
1.214 -1.055 3.764
1.015 -1.277 3.224
0.586 -1.33 3.013
0.191 -1.3 2.789
0.112 -1.282 2.726
0.066 -1.266 2.436
0.094 -1.338 1.83
0.386 -1.264 1.165
0.761 -1.534 0.514
0.771 -1.553 -0.045
0.513 -1.536 -0.248
-0.304 -1.279 -0.231
-0.67 -0.927 -0.329
-0.681 -1.067 -0.373
-0.742 -0.96 -0.629
-0.668 -0.864 -1.006
-0.463 -0.743 -1.448
-0.331 -0.453 -2.355
-0.246 -0.485 -3.085
-0.342 0.191 -3.621
-0.411 0.483 -4.267
-0.37 0.469 -4.728
-0.488 0.603 -5.29
-0.672 1.077 -5.355
-1.027 1.452 -4.914
-1.097 1.781 -4.552
-0.978 1.749 -4.588
-0.786 1.669 -4.888
-0.302 1.571 -5.209
0.012 1.534 -5.205
-0.1 1.484 -4.823
-0.478 1.56 -3.806
-0.654 1.361 -3.132
-0.865 1.233 -2.293
-1.037 1.179 -1.814
-1.192 1.354 -1.434
-1.245 1.434 -1.041