0.0000 0.0000 0.0000
5.612 -0.175 18.675
4.697 0.031 16.213
3.667 -0.057 14.315
2.654 -0.129 12.789
2.001 -0.133 11.536
1.689 -0.18 10.4
1.485 -0.171 9.497
1.492 -0.36 8.453
1.627 -0.583 7.401
1.654 -0.8 6.074
1.454 -0.815 4.579
1.248 -0.794 3.371
1.166 -0.93 2.103
1.093 -1.225 1.617
0.906 -1.404 1.671
0.591 -1.375 1.676
0.342 -1.376 1.483
0.067 -1.592 1.17
-0.37 -1.76 0.959
-0.816 -1.687 0.647
-0.88 -1.587 0.246
-0.81 -1.463 -0.467
-0.617 -1.377 -1.532
-0.495 -1.343 -2.137
-0.583 -1.002 -2.596
-0.628 -0.686 -3.224
-0.617 -0.341 -3.781
-0.659 -0.1 -4.006
-0.868 -0.047 -3.778
-1.281 0.112 -3.314
-1.42 0.195 -2.698
-1.451 0.271 -2.359
-1.331 0.312 -2.52
-1.129 0.385 -2.931
-0.947 0.742 -3.198
-0.853 1.004 -3.723
-1.052 1.274 -4.006
-1.171 1.535 -4.269
-1.217 1.605 -4.307
-1.276 1.634 -4.083
-1.244 1.721 -3.951
-1.102 1.868 -4.056
-0.897 2.026 -4.064
-0.678 2.211 -3.916
-0.541 2.533 -3.671
-0.349 2.495 -3.407
-0.081 2.332 -3.402
0.047 2.262 -3.502
0.007 2.191 -3.35
-0.122 2.11 -3.041
-0.394 2.114 -2.736
-0.579 2.256 -2.428
-0.547 2.263 -2.263
-0.345 2.097 -2.192
-0.061 1.913 -2.274
0.099 1.705 -2.254
0.046 1.577 -1.994
0.042 1.721 -1.803
-0.013 1.601 -1.476