0.0000 0.0000 0.0000
5.146 0.169 19.838
4.304 -0.011 17.432
3.408 0.015 15.327
2.731 0.1 13.329
2.26 0.159 11.496
2.034 0.117 9.82
1.874 0.01 8.433
1.729 0.009 7.262
1.513 -0.111 5.941
1.276 -0.169 5.037
1.122 -0.299 4.283
0.898 -0.381 3.553
0.739 -0.455 2.827
0.613 -0.685 2.398
0.535 -0.789 1.977
0.559 -1.081 1.719
0.598 -1.317 1.59
0.417 -1.272 1.629
0.082 -1.282 1.337
-0.416 -1.283 0.824
-0.78 -1.146 0.466
-0.796 -1.066 0.273
-0.674 -1.003 -0.021
-0.451 -1.014 -0.7
-0.259 -0.99 -1.612
-0.294 -0.771 -2.175
-0.368 -0.668 -2.363
-0.434 -0.653 -2.73
-0.546 -0.492 -3.069
-0.655 -0.435 -3.227
-0.986 -0.331 -3.154
-1.336 0.046 -2.968
-1.452 0.412 -2.887
-1.522 0.457 -3.106
-1.465 0.523 -3.546
-1.31 0.721 -3.631
-0.98 0.916 -3.931
-0.718 1.014 -4.271
-0.595 1.016 -4.335
-0.639 1.095 -4.134
-0.782 1.141 -3.936
-0.997 1.156 -3.715
-1.035 1.221 -3.74
-1.009 1.211 -3.736
-0.96 1.418 -3.716
-0.795 1.414 -3.965
-0.767 1.427 -3.913
-0.776 1.698 -3.944
-0.716 1.796 -3.877
-0.592 1.806 -3.696
-0.387 1.72 -3.396
-0.279 1.574 -2.901
-0.225 1.459 -2.283
-0.272 1.331 -1.727
-0.296 1.534 -1.813
-0.146 1.165 -1.347