0.0000 0.0000 0.0000
6.827 -0.08 22.855
6.274 -0.081 18.165
4.871 0.616 15.952
3.522 1.701 14.089
3.333 1.85 12.37
3.638 1.647 10.331
3.86 1.457 8.316
3.646 1.121 6.372
3.342 0.802 5.097
2.921 0.705 4.484
2.25 0.617 4.13
1.56 0.271 3.976
1.11 -0.04 3.768
0.758 -0.277 3.581
0.57 -0.611 3.447
0.565 -0.826 3.042
0.594 -0.976 2.16
0.604 -1.137 1.082
0.5 -1.239 -0.223
0.347 -1.253 -0.684
0.217 -1.463 -0.624
-0.321 -1.817 -0.484
-0.737 -1.997 -0.194
-0.887 -1.987 -0.063
-1.014 -1.831 -0.125
-1.214 -1.829 -0.466
-1.334 -1.767 -1.109
-1.545 -1.694 -1.92
-1.649 -1.49 -2.512
-1.76 -1.091 -2.839
-1.748 -0.887 -3.149
-1.694 -0.738 -3.455
-1.619 -0.621 -3.661
-1.673 -0.524 -3.769
-1.841 -0.42 -4.047
-2.097 -0.249 -4.116
-2.249 0.172 -3.903
-2.36 0.241 -3.633
-2.348 0.389 -3.666
-2.294 0.643 -4.144
-2.134 0.699 -4.592
-2.007 0.81 -4.676
-1.866 1.014 -4.475
-1.585 1.05 -4.226
-1.409 1.023 -3.881
-1.234 1.119 -3.596
-1.153 1.153 -3.624
-1.09 1.348 -3.503
-0.989 1.48 -3.48
-0.787 1.522 -3.494
-0.63 1.68 -3.653
-0.619 1.848 -3.865
-0.566 1.87 -3.944
-0.544 1.804 -3.929
-0.515 1.744 -3.622
-0.369 1.664 -3.415
-0.315 1.524 -3.03
-0.378 1.276 -2.357
-0.34 1.149 -1.94
-0.246 0.922 -1.66
-0.505 1.338 -0.994
-0.644 1.928 -1.394