0.0000 0.0000 0.0000
3.655 -0.933 19.39
3.626 -0.676 16.486
3.548 -0.229 13.243
3.71 0.258 10.72
4.192 0.215 9.019
4.644 0.03 8.307
4.429 -0.102 8.708
3.822 -0.384 9.673
2.621 -0.441 10.206
1.187 -0.397 9.797
0.155 -0.305 8.878
-0.136 -0.188 7.593
-0.019 -0.161 6.3
0.344 -0.153 5.049
0.689 0.033 4.044
0.93 0.297 3.191
1.216 0.423 2.493
1.353 0.397 1.985
1.364 0.211 1.588
1.306 -0.093 1.283
1.287 -0.524 1.172
1.365 -0.902 0.813
1.177 -1.45 0.534
0.869 -1.529 0.696
0.662 -1.505 0.859
0.311 -1.648 0.799
0.065 -1.991 0.4
-0.062 -2.171 -0.182
-0.228 -2.256 -0.716
-0.395 -2.478 -1.532
-0.691 -2.282 -1.93
-0.846 -2.071 -2.134
-0.951 -1.873 -2.429
-0.951 -1.608 -2.987
-0.873 -1.464 -3.568
-0.777 -1.421 -3.762
-1.156 -1.193 -3.912
-1.704 -0.798 -3.745
-1.775 -0.408 -3.37
-1.701 -0.203 -3.404
-1.651 0.118 -3.908
-1.503 0.235 -4.483
-1.422 0.47 -5.103
-1.159 0.854 -5.61
-0.905 0.95 -6.135
-0.685 0.924 -6.452
-0.582 1.047 -6.531
-0.662 1.537 -6.36
-0.906 1.667 -5.948
-1.462 1.88 -5.371
-1.841 1.994 -4.825
-2.105 1.949 -4.437
-2.093 1.608 -4.192