0.0000 0.0000 0.0000
5.646 -1.856 17.925
4.28 -1.541 17.951
3.231 -1.533 17.19
2.865 -1.492 15.859
2.682 -1.274 13.635
2.466 -0.896 11.427
2.141 -0.436 9.259
1.798 -0.125 7.557
1.635 -0.018 6.198
1.506 -0.05 5.095
1.442 -0.054 3.991
1.375 -0.117 3.394
1.289 -0.218 3.071
1.109 -0.437 2.764
0.98 -0.609 2.591
0.925 -0.85 2.522
0.79 -0.954 2.485
0.512 -1.014 2.021
0.418 -1.162 1.422
0.437 -1.443 0.737
0.332 -1.678 0.206
-0.019 -1.553 0.031
-0.293 -1.415 0.079
-0.556 -1.273 -0.117
-0.923 -1.129 -0.562
-0.986 -1.076 -1.109
-0.991 -0.796 -2.24
-1.15 -0.079 -3.171
-1.138 0.342 -3.672
-1.085 0.428 -4.124
-0.994 0.584 -4.384
-0.937 0.698 -4.419
-0.887 0.628 -4.426
-0.927 0.694 -4.474
-1.007 0.875 -4.303
-1.027 0.813 -4.053
-1.26 0.99 -3.898
-1.315 1.245 -4.284
-1.201 1.224 -4.657
-1.132 1.317 -4.829
-1.079 1.418 -4.639
-0.954 1.422 -4.46
-0.936 1.478 -4.16
-0.981 1.537 -3.753
-1.038 1.556 -3.351
-0.985 1.538 -3.085
-0.956 1.384 -2.82
-0.791 0.815 -2.995
-1.031 0.57 -3.264
-1.178 1.426 -2.825