0.0000 0.0000 0.0000
5.224 -0.02 17.365
3.857 -0.242 16.404
3.118 -0.424 15.936
2.668 -0.623 14.911
2.591 -0.802 13.678
2.504 -0.644 12.336
2.081 -0.416 10.982
1.468 -0.004 9.642
1.114 0.125 8.333
0.856 0.13 6.776
0.977 0.073 5.09
1.121 -0.131 3.659
1.233 -0.256 2.595
1.161 -0.437 2.102
1.028 -0.652 1.909
0.787 -0.673 1.77
0.536 -0.787 1.507
0.413 -1.078 1.054
0.303 -1.289 0.492
0.281 -1.255 0.27
0.322 -1.225 0.183
0.281 -1.249 0.035
0.175 -1.417 -0.381
-0.057 -1.447 -0.636
-0.249 -1.406 -0.693
-0.388 -1.524 -0.675
-0.599 -1.415 -0.797
-0.729 -1.359 -1.217
-0.759 -1.215 -2.104
-0.7 -1.041 -2.79
-0.734 -0.808 -3.002
-0.79 -0.503 -3.073
-0.78 -0.168 -3.231
-0.84 0.02 -3.425
-0.893 0.139 -3.565
-0.942 0.254 -3.786
-0.874 0.306 -4.235
-0.838 0.379 -4.466
-0.737 0.677 -4.787
-0.749 1.083 -4.963
-0.916 1.397 -4.949
-0.988 1.706 -4.954
-0.915 1.768 -4.735
-0.84 1.729 -4.77
-0.782 1.754 -4.948
-0.782 1.846 -4.832
-0.781 2.049 -4.487
-0.746 2.223 -4.219
-0.74 2.251 -3.952
-0.744 2.147 -3.669
-0.919 2.096 -3.285
-1.051 1.981 -2.861
-1.127 1.852 -2.592
-1.014 1.442 -2.566
-0.939 1.315 -2.714
-0.931 1.839 -2.77