0.0000 0.0000 0.0000
3.466 -1.812 17.382
2.783 -1.709 17.264
2.358 -1.633 16.374
1.898 -1.59 15.305
1.432 -1.371 14.231
1.048 -1.061 12.601
0.822 -0.533 10.893
0.671 -0.341 9.364
0.63 -0.143 7.704
0.67 -0.095 6.416
1.051 -0.395 5.223
1.817 -0.588 3.959
1.962 -0.642 2.727
1.861 -0.646 1.868
1.546 -0.659 1.406
1.21 -0.688 1.248
1.046 -0.774 1.226
0.846 -0.895 1.112
0.632 -1.038 0.88
0.414 -1.253 0.697
0.192 -1.223 0.24
0.052 -1.333 -0.24
-0.134 -1.26 -0.552
-0.293 -1.134 -0.911
-0.263 -1.072 -1.423
-0.202 -0.931 -2.332
-0.268 -0.751 -2.806
-0.371 -0.452 -2.801
-0.515 0.092 -2.831
-0.584 0.29 -2.875
-0.655 0.278 -3.045
-0.753 0.371 -3.43
-0.755 0.446 -3.707
-0.8 0.487 -3.879
-0.806 0.585 -4.077
-0.864 0.751 -4.17
-1.001 1.15 -3.959
-0.961 1.319 -3.805
-0.848 1.377 -3.743
-0.858 1.489 -3.714
-0.867 1.581 -3.859
-0.953 1.544 -4.008
-1.038 1.562 -4.055
-1.081 1.69 -4.106
-1.024 1.745 -4.17
-0.956 1.795 -4.304
-0.861 1.943 -4.408
-0.706 2.136 -4.303
-0.626 2.034 -4.451
-0.641 1.926 -4.333
-0.689 1.923 -4.012
-0.689 1.851 -3.86
-0.655 1.718 -3.802
-0.589 1.753 -3.637
-0.41 1.845 -3.635
-0.291 1.583 -3.341
-0.029 1.097 -2.912
-0.354 0.84 -2.276