0.0000 0.0000 0.0000
3.836 -2.959 22.088
4.177 -2.378 20.465
4.026 -1.632 18.057
3.606 -1.219 15.751
2.909 -0.606 13.435
2.136 -0.226 11.212
1.629 -0.057 8.806
1.449 -0.094 6.469
1.235 0.035 4.986
1.292 0.057 3.91
1.344 0.026 3.398
1.21 0.066 3.041
0.994 -0.043 2.789
0.722 -0.22 2.501
0.529 -0.508 2.251
0.364 -0.785 1.974
0.216 -0.991 1.716
-0.141 -0.986 1.407
-0.299 -1.094 1.111
-0.295 -1.554 0.707
-0.36 -1.735 0.334
-0.376 -1.768 -0.026
-0.563 -1.626 -0.187
-0.782 -1.437 -0.263
-0.833 -1.362 -0.4
-0.853 -1.381 -0.843
-0.776 -1.329 -1.543
-0.587 -1.144 -2.354
-0.493 -0.961 -2.963
-0.427 -0.787 -3.451
-0.444 -0.605 -3.864
-0.676 -0.355 -3.883
-1.048 0.059 -3.745
-1.219 0.579 -3.646
-1.192 0.736 -3.721
-1.167 0.775 -4.099
-1.007 0.775 -4.292
-0.881 0.921 -4.647
-0.715 1.243 -4.975
-0.609 1.455 -5.21
-0.582 1.568 -5.362
-0.671 1.661 -5.351
-0.828 1.762 -5.014
-0.926 1.818 -4.452
-0.997 1.843 -4.128
-0.932 1.978 -3.827
-0.787 2.039 -3.729
-0.613 2.033 -3.649
-0.457 1.899 -3.577
-0.342 1.778 -3.736
-0.282 1.876 -3.949
-0.288 1.947 -3.89
-0.354 1.907 -3.492
-0.31 1.811 -2.859
-0.339 1.673 -2.349
-0.452 1.299 -1.967
-0.527 1.255 -1.486