0.0000 0.0000 0.0000
2.173 -0.545 16.003
2.137 -0.991 15.083
2.009 -1.28 14.601
1.627 -0.746 13.563
1.352 -0.396 12.207
1.217 -0.072 10.512
1.181 0.09 8.78
1.348 0.046 6.936
1.756 0.11 5.622
1.873 0.203 4.465
1.884 0.243 3.794
1.963 0.106 3.38
2.197 -0.084 3.361
2.279 -0.128 3.301
2.215 -0.503 3.255
1.701 -0.866 3.197
1.143 -1.348 3.067
0.511 -1.437 3.751
0.296 -1.32 3.729
0.439 -1.205 2.994
0.783 -1.196 1.626
1.015 -1.163 0.326
0.767 -1.115 -0.232
0.518 -1.478 -0.036
0.405 -1.614 0.492
0.615 -1.513 0.512
0.812 -1.465 0.038
0.756 -1.302 -0.714
0.689 -1.163 -1.858
0.629 -1.038 -2.853
0.557 -0.934 -3.223
0.2 -0.513 -3.495
-0.405 0.149 -3.508
-1.149 0.281 -3.458
-1.491 0.339 -3.544
-1.471 0.417 -3.827
-1.376 0.677 -4.315
-1.195 1.118 -4.797
-1.144 1.48 -5.679
-1.099 1.711 -6.18
-1.299 1.781 -6.182
-1.462 1.819 -5.581
-1.635 2.016 -4.833
-1.747 2.185 -4.41
-1.71 2.096 -4.521
-1.668 2.136 -4.732
-1.622 2.276 -5.078
-1.477 2.324 -5.389
-1.321 2.367 -5.565
-1.137 2.493 -5.871
-0.954 2.398 -5.732
-0.876 2.15 -5.115
-0.875 1.926 -4.242
-0.873 1.82 -3.507
-0.872 1.707 -2.924
-0.862 1.519 -2.373
-0.871 1.367 -1.998
-0.87 1.316 -1.6
-0.8 0.917 -1.181
-0.746 0.817 -0.977