0.0000 0.0000 0.0000
3.104 -0.451 16.744
3.354 -0.276 14.458
3.277 -0.162 12.753
3.061 -0.069 11.461
2.962 -0.165 10.134
2.614 -0.304 9.051
2.154 -0.463 8.336
1.646 -0.632 7.692
1.403 -0.974 7.215
1.203 -1.161 6.727
1.22 -1.398 6.175
1.357 -1.439 5.471
1.514 -1.39 4.251
1.63 -1.354 2.74
1.544 -1.245 1.656
1.261 -1.293 1.094
0.945 -1.379 0.674
0.6 -1.482 0.408
0.394 -1.351 -0.054
0.372 -1.337 -0.686
0.248 -1.401 -1.169
-0.034 -1.235 -1.25
-0.272 -1.094 -1.177
-0.719 -0.959 -1.189
-0.828 -0.889 -1.656
-0.728 -0.869 -2.283
-0.612 -0.567 -2.96
-0.551 -0.372 -3.526
-0.78 -0.042 -3.966
-0.961 0.401 -3.819
-1.106 0.464 -3.524
-1.495 0.521 -3.223
-1.664 0.762 -3.271
-1.584 0.97 -3.452
-1.52 1.158 -3.573
-1.394 1.223 -3.819
-1.134 1.109 -4.092
-1.107 1.162 -4.174
-1.117 1.485 -4.205
-1.152 1.595 -4.025
-1.071 1.686 -3.804
-0.981 1.733 -3.708
-0.926 1.499 -3.665