0.0000 0.0000 0.0000
3.681 -1.261 16.399
3.33 -0.764 15.061
2.963 -0.558 14.167
2.623 -0.399 13.284
2.301 -0.394 12.723
1.881 -0.354 12.045
1.288 -0.465 11.125
1.081 -0.6 9.84
1.249 -0.583 8.917
1.486 -0.636 8.395
1.527 -0.728 7.547
1.452 -1.034 6.379
1.238 -1.155 5.198
0.967 -1.126 4.144
0.862 -1.03 2.936
0.758 -0.953 1.677
0.605 -0.84 0.829
0.527 -0.799 0.211
0.431 -0.9 -0.292
0.405 -1.414 -0.53
0.382 -1.746 -0.546
0.43 -1.666 -0.603
0.473 -1.801 -0.93
0.098 -1.595 -1.208
-0.523 -1.401 -1.863
-0.901 -1.158 -2.538
-0.966 -0.921 -2.948
-0.913 -0.958 -3.283
-0.744 -0.949 -3.489
-0.669 -0.655 -3.364
-0.568 -0.435 -3.45
-0.425 -0.271 -4.32
-0.391 0.307 -5.069
-0.386 0.561 -5.407
-0.442 0.591 -5.374
-0.958 0.859 -5.095
-1.293 0.954 -5.181
-1.336 1.247 -5.335
-1.341 1.579 -5.551
-1.094 1.809 -5.996
-0.701 1.912 -5.715
-0.329 1.928 -4.954
-0.089 1.778 -4.346
-0.201 1.549 -3.972
-0.637 1.523 -3.601
-1.03 1.698 -3.301
-1.151 1.942 -3.152
-1.071 1.877 -2.75
-1.024 1.75 -2.303
-0.913 1.566 -1.771
-0.865 1.427 -1.189
-0.821 0.844 -0.828
-0.877 1.63 -0.651