0.0000 0.0000 0.0000
3.052 -1.899 12.245
2.764 -1.683 11.693
2.677 -0.963 10.98
2.702 -0.892 10.563
2.829 -1.182 10.472
2.916 -1.159 9.959
2.823 -1.138 9.024
2.523 -1.127 7.975
2.012 -1.161 6.996
1.415 -1.183 6.4
0.997 -1.349 6.07
0.854 -1.395 5.722
0.812 -1.445 5.529
0.877 -1.619 5.622
0.979 -1.673 5.232
1.01 -1.678 4.511
0.806 -1.57 3.715
0.467 -1.646 2.852
0.136 -1.507 2.257
-0.093 -1.382 1.324
-0.247 -1.235 0.166
-0.326 -0.853 -0.85
0.102 -0.682 -2.109
0.196 -0.424 -2.683
-0.228 0.152 -3.121
-0.774 0.438 -3.11
-1.076 0.688 -2.851
-1.537 0.826 -2.764
-1.642 0.777 -3.16
-1.685 0.786 -3.689
-1.611 1.035 -4.044
-1.415 1.233 -4.036
-1.162 1.118 -3.96
-0.925 0.972 -4.305
-0.918 1.073 -4.624
-1.016 1.215 -4.8
-1.302 1.171 -4.863
-1.405 1.218 -4.583
-1.48 1.225 -4.116
-1.513 1.318 -3.739
-1.413 1.505 -3.374
-1.194 1.544 -3.26
-0.954 1.58 -3.563
-0.66 1.439 -3.802
-0.482 1.303 -3.887
-0.494 1.242 -3.938
-0.462 1.057 -3.647
-0.485 0.9 -3.084
-0.591 1.482 -2.112