0.0000 0.0000 0.0000
4.035 -1.787 18.494
3.898 -1.47 16.601
3.371 -1.194 14.691
2.68 -1.031 12.912
1.99 -0.669 11.448
1.36 -0.594 10.157
1.293 -0.672 9.038
1.594 -0.743 7.78
1.935 -1.056 6.666
2.077 -1.123 5.551
1.887 -1.08 4.462
1.569 -1.135 3.283
1.084 -1.108 2.386
0.717 -1.049 1.983
0.447 -1.082 1.544
-0.045 -1.172 1.191
-0.532 -1.124 1.063
-0.711 -1.063 0.896
-0.64 -1.344 0.712
-0.593 -1.339 0.037
-0.56 -1.309 -1.06
-0.624 -1.126 -1.669
-1.053 -0.763 -1.709
-1.517 -0.385 -1.771
-1.856 -0.209 -2.102
-1.86 0.164 -2.607
-1.484 0.251 -3.079
-1.155 0.355 -3.28
-0.858 0.397 -3.253
-0.772 0.452 -3.169
-0.73 0.554 -3.232
-0.622 0.602 -3.27
-0.56 0.731 -3.521
-0.814 0.701 -3.72
-1.034 0.527 -3.676
-1.086 0.776 -3.446
-1.038 0.992 -3.17
-0.925 1.073 -3.095
-0.85 1.087 -3.026
-0.773 1.064 -2.948
-0.713 0.984 -3.075
-0.642 1.006 -3.113
-0.569 1.112 -3.284
-0.469 1.139 -3.266
-0.405 1.145 -3.224
-0.321 1.143 -3.194
-0.108 0.934 -3.426
-0.037 0.789 -3.687
-0.085 1.184 -3.301