0.0000 0.0000 0.0000
3.457 0.143 17.123
2.551 -0.069 16.195
1.994 -0.036 15.222
1.993 0.036 13.846
2.345 0.084 12.186
2.628 0.119 10.174
2.762 0.046 8.304
2.615 0.042 7.042
2.301 -0.117 6.234
1.942 -0.226 6.214
1.799 -0.496 6.394
1.619 -0.843 6.651
1.518 -0.896 6.727
1.409 -1.169 6.322
1.208 -1.466 5.457
0.992 -1.526 4.48
0.677 -1.477 3.636
0.127 -1.406 3.177
-0.712 -1.335 2.894
-1.046 -1.313 2.389
-0.907 -1.837 1.374
-0.885 -1.998 0.409
-0.814 -1.815 -0.346
-0.689 -1.823 -1.156
-0.698 -1.925 -1.937
-0.887 -1.905 -2.2
-1.41 -1.637 -2.178
-1.691 -1.37 -2.296
-1.798 -1.207 -2.894
-1.575 -1.224 -3.716
-1.305 -0.86 -4.543
-0.959 -0.507 -5.45
-0.803 -0.362 -6.043
-0.671 -0.256 -6.059
-0.578 0.018 -6.169
-0.675 0.301 -6.293
-0.806 0.503 -6.112
-0.992 0.66 -5.949
-1.143 0.818 -5.63
-1.175 0.883 -5.411
-1.058 1.044 -5.577
-0.848 1.345 -5.743
-0.6 1.46 -5.772
-0.29 1.495 -5.859
-0.312 1.665 -5.419
-1.1 2.015 -4.507
-0.852 1.417 -4.358
-0.646 0.715 -3.922
-0.918 1.54 -3.366
-1.162 2.205 -2.857