0.0000 0.0000 0.0000
4.741 -0.813 20.554
4.974 -0.714 18.903
4.666 -0.66 16.66
3.95 -0.792 14.968
2.667 -1.083 13.773
1.547 -0.854 12.688
0.832 -0.829 11.316
0.542 -0.712 9.512
0.927 -0.727 7.845
1.326 -0.947 5.932
1.727 -1.025 4.356
1.71 -1.008 3.162
1.461 -0.959 2.122
1.108 -0.984 1.642
0.713 -0.998 1.28
0.357 -1.07 0.945
0.14 -1.334 0.824
-0.097 -1.459 0.776
-0.518 -1.571 0.638
-0.777 -1.535 0.333
-0.751 -1.588 -0.372
-0.693 -1.697 -0.903
-0.641 -1.656 -1.27
-0.792 -1.318 -1.401
-0.825 -1.178 -1.925
-0.966 -1.086 -2.56
-1.266 -0.874 -2.829
-1.415 -0.683 -3.219
-1.541 -0.321 -3.483
-1.74 0.046 -3.703
-1.67 0.326 -3.755
-1.623 0.655 -3.931
-1.504 0.727 -3.935
-1.448 0.689 -4.076
-1.536 0.767 -4.064
-1.615 0.871 -4.123
-1.617 1.215 -4.09
-1.344 1.55 -3.862
-0.899 1.731 -3.933
-0.49 1.903 -4.238
-0.32 1.807 -4.21
-0.443 1.713 -3.962
-0.675 1.619 -3.789
-0.874 1.483 -3.669
-1.097 1.472 -3.44
-1.177 1.463 -3.311
-1.146 1.644 -2.954
-1.031 1.756 -2.564
-0.721 1.692 -2.144
-0.261 1.514 -1.757
0.04 1.552 -1.659
0.122 1.681 -1.941
0.119 1.763 -2.238
0.132 1.682 -2.35
0.145 1.367 -2.296
-0.032 1.153 -2.153
-0.288 0.882 -2.032
-0.785 1.354 -1.933