0.0000 0.0000 0.0000
2.526 -1.183 14.52
2.584 -1.634 13.258
2.55 -1.608 12.035
2.484 -1.585 11.59
2.296 -1.461 10.698
2.109 -1.41 9.827
1.959 -1.441 8.818
1.728 -1.487 7.79
1.59 -1.476 6.864
1.526 -1.242 6.092
1.545 -1.29 5.474
1.365 -1.558 5.133
0.832 -1.35 4.56
0.292 -0.991 3.655
-0.003 -0.78 2.6
-0.115 -0.572 1.745
-0.129 -0.386 1.14
-0.142 -0.192 0.638
-0.154 -0.052 0.022
-0.061 -0.176 -0.694
-0.201 0.022 -1.288
-0.302 0.123 -1.582
-0.47 0.154 -2.182
-0.707 0.121 -2.628
-0.869 0.169 -2.959
-1.092 0.273 -3.327
-1.431 0.194 -3.761
-1.478 0.691 -4.428
-1.295 1.295 -5.149
-0.907 1.01 -5.108
-0.386 0.099 -4.64
-0.338 0.003 -4.245
-1.011 0.89 -4.493
-1.22 1.068 -4.328
-1.124 0.953 -4.171
-1.003 1.159 -4.228
-0.713 1.345 -3.934
-0.435 1.34 -3.799
-0.202 1.206 -3.678
-0.19 1.025 -3.439
-0.645 1.163 -3.294
-0.977 1.331 -3.068
-1.241 1.474 -2.666
-1.255 1.352 -2.141
-1.155 1.2 -1.737