0.0000 0.0000 0.0000
5.741 0.54 21.416
5.891 0.287 18.964
5.379 0.431 16.843
4.548 0.689 14.883
3.904 0.784 12.99
3.419 0.74 11.38
3.137 0.597 9.846
3.022 0.391 8.525
2.78 0.188 7.397
2.493 -0.106 6.062
2.39 -0.336 4.87
2.065 -0.51 3.754
1.712 -0.717 2.628
1.411 -0.982 1.926
1.184 -1.219 1.544
0.738 -1.373 1.277
0.431 -1.46 0.882
0.207 -1.788 0.785
-0.235 -2.014 0.448
-0.78 -2.347 -0.027
-1.09 -2.492 -0.645
-1.265 -2.423 -1.321
-1.242 -2.336 -2.318
-1.256 -2.413 -2.879
-1.596 -2.085 -2.91
-1.798 -1.808 -2.826
-1.687 -1.61 -3.086
-1.682 -1.268 -3.398
-1.626 -0.977 -3.696
-1.524 -0.836 -4.214
-1.837 -0.279 -4.887
-1.782 0.179 -5.08
-1.414 0.48 -5.063
-1.109 0.51 -5.436
-1.283 0.554 -5.719
-1.577 0.791 -6.113
-1.841 0.996 -6.251
-2.071 1.061 -5.868
-2.01 1.308 -5.539
-1.8 1.453 -5.175
-1.569 1.626 -4.683
-1.291 1.679 -4.111
-0.99 1.753 -3.649
-0.822 1.672 -3.508
-0.886 1.565 -3.234
-0.961 1.486 -3.101
-0.986 1.493 -2.816
-1.042 1.481 -2.509
-1.145 1.368 -2.198
-1.34 1.498 -1.771
-1.353 1.874 -1.464
-1.399 1.988 -1.034
-0.94 1.729 -0.93