0.0000 0.0000 0.0000
5.353 0.29 15.874
4.671 0.45 13.76
4.308 0.448 11.928
4.118 0.412 10.468
3.793 0.104 9.343
3.327 -0.113 8.676
2.529 -0.213 7.938
1.698 -0.476 7.196
1.218 -0.774 6.743
0.838 -0.946 6.284
0.659 -1.222 5.716
0.636 -1.643 5.007
0.676 -1.599 4.239
0.591 -1.5 3.315
0.429 -1.401 2.285
0.162 -1.27 1.143
0.102 -1.255 0.029
0.023 -1.483 -0.654
-0.211 -1.395 -0.752
-0.629 -1.238 -0.712
-0.834 -0.95 -0.606
-0.905 -0.752 -0.666
-0.78 -0.797 -0.875
-0.616 -0.735 -1.236
-0.597 -0.653 -1.56
-0.779 -0.268 -1.732
-0.779 -0.172 -2.076
-0.744 -0.129 -2.73
-0.721 -0.125 -3.448
-1.071 0.059 -3.888
-1.464 0.682 -4.378
-1.49 1.028 -4.587
-1.384 1.442 -4.559
-1.246 1.513 -4.422
-1.173 1.577 -4.307
-1.374 1.626 -4.264
-1.53 1.722 -3.967
-1.506 1.8 -3.544
-1.399 1.715 -3.104
-1.276 1.569 -2.655
-1.105 1.688 -2.691
-0.926 1.864 -2.836
-0.833 1.979 -2.871
-0.758 1.841 -2.92
-0.717 1.761 -2.973
-0.619 1.524 -3.046
-0.669 1.139 -2.698
-0.956 1.163 -2.058
-1.179 1.236 -1.585
-1.208 1.164 -1.28
-1.164 1.125 -1.135
-1.031 1.09 -0.943
-0.815 0.912 -0.59
-0.88 0.993 -0.178