0.0000 0.0000 0.0000
4.069 -1.132 15.917
4.369 -0.906 14.187
4.759 -0.669 12.518
4.938 -0.783 10.982
4.436 -0.774 9.789
3.492 -0.61 8.707
2.738 -0.532 7.595
2.059 -0.91 6.861
1.362 -1.241 6.614
1.019 -1.306 6.375
0.831 -1.296 5.772
0.747 -1.296 5.074
0.836 -1.235 4.041
0.985 -1.25 2.87
0.99 -1.254 1.945
0.874 -1.327 1.078
0.614 -1.435 0.307
0.173 -1.611 0.155
-0.438 -1.613 0.364
-1.204 -1.642 0.775
-1.48 -1.365 1.198
-1.358 -1.246 1.19
-0.972 -1.294 0.838
-0.375 -1.25 0.142
-0.053 -0.996 -1.138
-0.367 -0.905 -2.162
-0.873 -0.427 -3.73
-1.044 0.218 -4.986
-1.146 0.714 -5.685
-1.471 1.151 -5.996
-1.583 1.536 -5.62
-1.614 1.666 -5.032
-1.616 1.776 -4.529
-1.506 1.727 -4.171
-1.407 1.735 -4.055
-1.344 1.829 -3.951
-1.141 1.853 -3.996
-0.949 1.969 -4.174
-0.785 2.134 -4.204
-0.543 2.067 -4.112
-0.376 1.697 -4.002
-0.339 1.424 -3.291
-0.882 2.1 -3.005
-1.553 2.442 -2.558
-1.785 2.275 -1.992
-1.71 1.849 -0.862