0.0000 0.0000 0.0000
3.0 -1.856 11.564
2.942 -1.558 10.821
2.794 -1.273 10.334
2.532 -0.982 10.128
2.382 -1.004 9.839
2.23 -1.154 9.691
2.076 -1.193 9.403
1.928 -1.1 8.626
1.692 -1.007 7.721
1.644 -0.898 6.698
1.609 -0.791 5.589
1.603 -0.746 4.746
1.563 -0.663 4.133
1.484 -0.579 3.72
1.233 -0.521 3.46
0.971 -0.547 3.114
0.676 -0.638 2.957
0.41 -0.687 2.705
0.119 -0.652 2.417
-0.151 -0.544 1.796
-0.127 -0.636 0.987
-0.045 -0.581 0.113
-0.368 -0.29 -1.053
-0.736 -0.097 -1.757
-0.904 0.024 -2.271
-0.908 0.047 -2.441
-1.128 0.146 -2.3
-1.377 0.459 -1.984
-1.222 0.697 -1.983
-0.884 0.791 -2.509
-0.684 0.876 -3.103
-0.762 1.064 -3.473
-0.996 1.035 -3.548
-1.138 1.044 -3.435
-1.162 1.103 -3.462
-1.252 0.984 -3.555
-1.274 0.963 -3.7
-1.258 0.936 -3.778
-1.219 0.954 -3.727
-1.252 0.936 -3.553
-1.213 0.963 -3.232
-1.109 0.953 -3.124
-1.058 0.832 -3.044
-1.03 0.835 -2.964
-0.961 0.915 -3.021
-0.917 1.004 -2.943
-0.816 1.145 -2.873
-0.804 1.031 -2.577