0.0000 0.0000 0.0000
3.388 -0.347 14.658
2.653 -0.468 14.227
2.034 -0.343 13.028
1.813 -0.326 11.803
1.916 -0.259 10.847
2.345 -0.147 9.814
2.886 -0.106 8.78
3.132 0.093 8.014
3.155 0.084 7.161
2.796 0.015 6.419
2.499 -0.218 5.751
2.301 -0.558 5.193
1.881 -0.684 4.683
1.34 -0.856 4.301
0.947 -1.365 3.982
0.663 -1.574 3.774
0.415 -1.675 3.207
0.348 -1.904 2.705
0.477 -2.179 2.279
0.576 -2.168 1.758
0.604 -2.192 1.16
0.337 -2.24 0.268
-0.135 -2.076 -0.447
-0.449 -2.015 -1.23
-0.861 -1.796 -2.029
-1.128 -1.608 -2.593
-1.222 -1.37 -2.644
-1.212 -1.078 -2.724
-1.177 -0.875 -3.072
-1.128 -0.779 -3.601
-1.127 -0.537 -4.137
-1.351 -0.328 -4.655
-1.629 0.023 -4.999
-1.604 0.477 -5.671
-1.53 0.748 -6.052
-1.584 0.923 -6.102
-1.753 0.926 -6.147
-1.896 1.1 -6.101
-1.939 1.464 -5.758
-1.832 1.516 -5.303
-1.674 1.356 -4.876
-1.49 1.436 -4.673
-1.263 1.551 -4.386
-1.025 1.714 -3.991
-0.922 1.724 -3.557
-1.088 1.215 -3.219
-1.747 1.714 -2.38