0.0000 0.0000 0.0000
2.957 0.29 18.373
3.179 0.243 16.088
3.085 0.124 13.824
3.0 0.008 11.821
2.881 -0.147 9.906
2.61 -0.416 8.717
1.979 -0.599 7.897
1.376 -0.677 7.219
0.54 -0.79 6.428
0.348 -1.056 5.329
0.253 -1.217 4.055
0.124 -1.165 3.27
0.129 -1.367 2.65
0.081 -1.316 2.152
0.177 -1.297 1.773
0.495 -1.374 1.001
0.325 -1.4 0.28
-0.086 -1.277 -0.083
-0.25 -1.262 -0.48
-0.5 -1.42 -0.578
-0.933 -1.502 -0.538
-1.055 -1.3 -0.863
-0.381 -1.084 -1.751
0.044 -0.605 -2.256
0.169 -0.122 -2.444
0.247 -0.291 -2.398
0.076 -0.08 -2.124
-0.353 0.004 -2.041
-0.956 0.055 -2.19
-0.955 0.162 -3.048
-0.747 0.602 -3.907
-0.457 0.904 -4.826
-0.291 1.141 -5.55
-0.348 1.596 -5.883
-0.184 1.669 -5.622
-0.148 1.718 -5.31
-0.4 1.882 -4.891
-0.55 1.814 -4.376
-0.684 1.883 -4.042
-0.659 1.85 -3.853
-0.697 1.889 -3.425
-0.558 2.001 -2.979
-0.321 1.732 -2.741
-0.168 1.197 -2.226
-0.246 0.991 -1.736
-0.609 1.047 -1.424
-0.953 1.115 -1.204
-1.005 1.305 -1.032
-0.887 1.398 -1.049