0.0000 0.0000 0.0000
3.612 -1.011 17.485
3.156 -0.961 16.857
2.453 -0.883 16.154
1.785 -0.829 15.03
1.537 -0.772 13.561
1.522 -0.686 12.067
1.723 -0.574 10.266
1.964 -0.517 8.067
2.164 -0.715 6.303
2.241 -0.842 4.975
2.137 -0.913 3.926
1.906 -1.045 3.309
1.655 -1.036 2.866
1.335 -1.044 2.683
1.072 -1.069 2.466
0.654 -1.203 2.185
0.408 -1.402 1.811
0.246 -1.649 1.311
-0.036 -1.64 0.646
-0.015 -1.579 -0.073
0.158 -1.524 -0.591
0.194 -1.225 -1.084
0.269 -1.051 -1.613
0.294 -1.075 -2.064
0.127 -0.916 -2.323
-0.187 -0.738 -2.315
-0.565 -0.587 -2.471
-0.698 -0.45 -2.81
-0.671 -0.026 -3.149
-0.5 0.139 -3.524
-0.287 0.22 -4.042
-0.172 0.448 -4.482
-0.103 0.541 -4.836
-0.291 0.608 -5.369
-0.632 0.788 -5.668
-0.827 0.968 -5.498
-1.486 1.293 -5.034
-1.889 1.388 -4.479
-2.096 1.396 -4.014
-2.051 1.377 -3.612
-1.923 1.205 -3.484
-1.662 1.636 -3.618