0.0000 0.0000 0.0000
3.742 0.065 17.753
3.229 -0.294 17.623
2.338 -0.031 16.999
1.466 0.057 15.937
1.095 0.086 14.36
0.951 0.267 12.028
0.925 0.378 9.515
1.013 0.306 6.874
1.352 0.335 4.876
1.88 0.267 3.38
2.002 0.085 2.232
1.759 -0.077 1.724
1.367 -0.19 1.655
0.92 -0.516 1.791
0.216 -0.8 1.948
-0.209 -0.763 1.883
-0.266 -1.04 1.737
-0.239 -1.454 1.495
-0.19 -1.584 1.061
-0.119 -1.503 0.653
-0.064 -1.473 0.226
0.045 -1.447 -0.184
-0.019 -1.336 -0.708
-0.189 -1.091 -1.491
-0.437 -0.999 -2.117
-0.669 -1.002 -2.466
-0.585 -1.023 -3.004
-0.216 -0.903 -3.487
-0.022 -0.563 -3.621
0.005 -0.291 -3.483
0.004 0.039 -3.506
-0.03 0.095 -3.956
-0.216 0.077 -4.362
-0.789 0.509 -4.866
-1.176 0.777 -5.31
-1.437 1.052 -5.555
-1.345 1.223 -5.74
-1.125 1.437 -5.735
-0.926 1.715 -5.687
-0.842 1.914 -5.722
-0.758 2.231 -5.813
-0.509 2.448 -5.568
-0.321 2.289 -5.158
-0.53 2.181 -4.616
-0.692 2.023 -3.973
-0.769 1.855 -3.085
-0.675 1.73 -2.104
-0.59 1.712 -1.506
-0.557 1.541 -1.131
-0.605 1.447 -1.009
-0.587 1.233 -1.33
-0.71 1.119 -1.128