0.0000 0.0000 0.0000
1.483 -2.192 20.235
1.731 -2.472 19.315
1.912 -1.656 16.435
2.074 -1.422 14.3
1.996 -1.193 12.181
2.08 -1.057 9.851
2.071 -1.037 7.952
1.993 -0.959 6.148
1.923 -0.846 5.154
1.73 -0.727 4.527
1.738 -0.671 3.815
1.918 -0.716 2.796
1.916 -0.705 2.059
1.707 -0.643 1.543
1.407 -0.604 1.363
1.145 -0.527 1.485
1.031 -0.75 1.492
0.816 -0.778 1.127
0.467 -0.58 0.445
0.351 -0.685 -0.719
0.264 -0.531 -1.578
0.117 -0.253 -1.834
-0.075 -0.142 -2.4
0.199 -0.093 -3.022
0.007 0.027 -3.599
-0.734 0.231 -4.127
-0.962 0.536 -4.481
-1.056 0.758 -4.507
-1.295 1.01 -4.694
-1.096 1.072 -4.63
-0.754 1.155 -4.434
-0.549 1.289 -4.292
-0.632 1.367 -3.88
-1.207 1.532 -3.432
-1.465 1.646 -3.468
-1.784 1.576 -3.75
-1.856 1.556 -3.84
-1.765 1.599 -3.698
-1.502 1.663 -3.5
-1.24 1.867 -3.435
-1.064 2.077 -3.307
-0.82 2.067 -3.209
-0.548 1.973 -3.319
-0.493 1.974 -3.616
-0.47 2.018 -3.521
-0.63 2.135 -3.092
-0.799 2.128 -2.679
-0.797 1.579 -2.282
-0.933 1.094 -1.562
-1.158 1.906 -1.104