0.0000 0.0000 0.0000
2.0 -1.899 15.546
1.947 -1.657 14.336
2.028 -1.517 13.006
2.566 -1.46 11.645
2.758 -1.331 10.394
2.663 -1.181 9.312
2.293 -0.985 8.32
1.909 -0.809 7.41
1.589 -0.806 6.6
1.309 -0.768 6.095
1.1 -0.7 5.727
1.111 -0.733 5.491
0.836 -0.712 4.959
0.563 -0.735 4.437
0.412 -0.912 3.709
0.034 -0.803 3.071
0.031 -0.809 2.203
0.105 -0.875 1.19
0.052 -0.865 0.726
-0.142 -0.813 0.429
-0.231 -0.757 0.231
-0.122 -1.086 0.148
-0.213 -0.909 -0.219
-0.14 -0.827 -0.723
-0.186 -0.796 -1.177
-0.297 -0.276 -1.852
-0.284 -0.361 -2.253
-0.256 -0.523 -2.786
-0.377 -0.35 -3.136
-0.779 0.02 -3.245
-1.054 0.406 -3.326
-1.061 0.443 -3.708
-1.015 0.502 -4.148
-0.862 0.59 -4.491
-0.638 0.91 -4.887
-0.436 1.233 -5.165
-0.349 1.368 -5.459
-0.159 1.524 -6.111
-0.178 1.828 -5.991
-0.367 2.077 -5.538
-0.554 2.412 -4.873
-0.542 2.429 -4.471
-0.436 2.445 -4.352
-0.401 2.614 -4.279
-0.326 2.542 -4.101
-0.293 2.4 -3.811
-0.29 2.298 -3.585
-0.304 2.18 -3.261
-0.377 2.229 -2.831
-0.305 2.092 -2.212
-0.326 1.676 -1.56
-0.526 1.517 -0.964
-0.827 1.314 -0.635
-1.02 0.958 -0.33