0.0000 0.0000 0.0000
2.966 -0.382 15.262
3.6 -0.809 14.442
3.74 -0.78 13.377
3.306 -0.641 12.419
2.466 -0.517 11.565
1.427 -0.275 10.468
0.586 0.01 9.378
0.407 0.129 8.216
0.461 0.056 6.834
0.656 0.033 5.642
1.099 0.056 4.38
1.377 -0.001 2.916
1.584 -0.199 2.168
1.563 -0.42 1.899
1.14 -0.387 1.864
0.819 -0.572 1.859
0.021 -0.67 1.845
-0.445 -0.577 1.695
-0.487 -0.761 1.371
-0.455 -0.754 0.88
-0.375 -0.738 -0.121
-0.26 -0.63 -1.203
0.153 -0.86 -1.565
0.491 -0.895 -1.693
0.183 -0.667 -1.636
-0.257 -0.48 -1.481
-0.438 -0.423 -1.367
-0.67 -0.476 -1.506
-1.111 -0.057 -1.873
-1.155 0.103 -2.151
-1.031 0.178 -2.418
-0.902 0.273 -2.573
-0.484 0.237 -2.54
-0.169 0.299 -2.605
-0.177 0.476 -2.887
-0.453 0.627 -3.116
-0.692 0.805 -3.226
-0.873 0.914 -3.231
-1.104 0.961 -3.218
-1.226 1.02 -3.224
-1.147 1.133 -3.238
-1.067 1.218 -3.388
-0.9 1.389 -3.549
-0.775 1.586 -3.728
-0.706 1.876 -3.907
-0.498 1.895 -3.671
-0.267 1.826 -3.451
-0.093 1.687 -3.2
-0.162 1.613 -3.044
-0.309 1.632 -2.791
-0.433 1.581 -2.547
-0.537 1.509 -2.395
-0.526 0.97 -2.139
-0.74 1.27 -1.968
-0.822 1.755 -1.564