0.0000 0.0000 0.0000
7.62 0.522 5.074
6.858 0.246 4.997
5.991 0.195 5.394
5.099 0.081 5.561
4.33 0.038 5.583
3.725 -0.025 5.766
3.154 -0.126 5.818
2.778 -0.165 5.719
2.216 -0.355 5.449
1.253 -0.397 5.49
0.128 -0.762 5.604
-0.789 -0.884 6.208
-1.046 -1.296 7.25
-0.881 -1.787 8.439
-0.405 -2.237 9.25
0.065 -2.918 9.592
0.257 -3.066 8.96
0.395 -3.044 7.866
0.967 -3.36 5.872
1.922 -3.61 3.708
2.954 -3.913 1.622
4.339 -4.021 -0.056
5.612 -3.947 -2.007
6.119 -4.0 -3.341
6.49 -3.652 -4.705
6.53 -3.192 -5.665
5.938 -2.812 -6.77
4.973 -2.419 -7.059
3.7 -2.315 -6.913
2.718 -2.152 -6.73
2.024 -1.403 -6.367
2.606 -1.133 -5.989
4.328 -0.942 -6.123
6.041 -0.46 -6.588
7.299 0.706 -7.446
7.146 1.514 -8.348
5.845 1.621 -8.599
3.64 2.519 -8.437
2.302 3.362 -8.214
1.753 3.784 -7.642
1.448 3.673 -7.111
0.709 3.564 -6.615
-0.128 3.544 -5.876
-0.839 3.146 -4.788
-1.669 2.935 -3.629
-2.252 2.909 -2.068
-2.173 2.773 -0.482
-2.076 2.677 0.195
-2.145 2.685 0.606
-2.809 3.244 0.64
-3.537 2.247 0.955