0.0000 0.0000 0.0000
7.327 0.755 6.867
6.715 0.611 6.395
5.992 0.575 6.152
5.384 0.328 6.278
4.88 0.062 6.193
4.254 -0.098 6.367
3.613 -0.192 6.385
3.209 -0.336 6.143
2.905 -0.518 5.58
2.485 -0.751 5.376
2.142 -0.917 5.657
1.902 -0.972 5.97
1.746 -1.331 6.08
1.589 -1.663 5.92
1.438 -1.669 5.578
1.389 -2.071 4.951
1.785 -2.536 4.249
2.201 -2.714 3.066
2.463 -2.83 1.794
2.372 -2.711 0.882
2.333 -2.56 0.423
2.436 -2.632 -0.334
2.606 -2.748 -1.429
2.802 -2.818 -2.2
3.134 -2.907 -2.876
3.208 -3.004 -3.123
3.689 -3.065 -3.535
4.156 -2.836 -4.362
4.309 -2.561 -4.848
3.956 -2.245 -5.165
3.5 -1.994 -5.493
2.426 -1.821 -5.366
1.735 -1.527 -5.165
1.674 -1.012 -5.269
2.222 -0.471 -5.475
2.628 0.092 -6.22
2.805 0.919 -7.072
2.714 1.146 -7.623
2.572 1.445 -7.878
1.548 2.352 -8.348
0.074 2.772 -8.143
-0.613 2.831 -7.509
-0.664 2.798 -6.577
-0.692 2.595 -5.558
-0.933 2.474 -4.295
-1.219 2.485 -2.892
-1.33 2.46 -1.671
-0.93 2.154 -1.022
-0.931 1.947 -0.238
-1.269 2.226 0.233
-1.194 2.417 0.235
-1.049 2.658 -0.098
-1.125 2.996 -0.527
-1.323 3.334 -0.414