0.0000 0.0000 0.0000
7.853 2.556 2.212
7.636 2.24 1.913
7.511 1.982 1.817
6.863 1.577 1.894
5.797 1.359 2.316
4.907 1.162 2.498
4.304 1.072 2.274
3.831 0.947 2.435
3.224 0.818 2.915
3.013 0.676 3.563
2.979 0.229 4.301
2.698 -0.051 5.5
2.765 -0.055 6.096
3.117 -0.394 6.194
2.814 -0.786 5.945
1.817 -1.052 5.479
0.946 -1.171 5.345
-0.027 -1.407 5.785
-0.386 -1.447 6.895
-0.666 -1.707 7.74
-1.031 -2.123 8.328
-0.928 -2.316 8.598
-0.231 -2.515 8.247
-0.036 -3.143 7.422
0.2 -3.518 6.085
0.947 -3.623 4.451
1.214 -3.95 2.963
1.506 -4.003 1.718
1.752 -4.042 0.779
2.206 -4.138 0.21
2.615 -4.121 -0.672
3.146 -4.269 -1.949
3.374 -4.445 -2.849
3.58 -4.216 -4.107
3.825 -3.889 -5.411
4.123 -3.457 -6.353
3.754 -3.051 -7.045
2.948 -2.625 -7.702
2.015 -2.276 -7.854
1.572 -2.04 -7.93
1.501 -1.707 -7.827
1.928 -1.476 -8.182
2.218 -0.897 -8.269
1.91 -0.333 -8.131
1.754 0.294 -8.352
1.802 0.937 -8.155
1.82 1.239 -8.201
1.638 1.745 -8.191
1.25 2.001 -8.001
0.367 2.344 -7.813
-0.419 2.825 -7.652
-1.075 3.232 -6.947
-1.114 3.159 -6.184
-0.649 2.851 -5.074
0.19 2.489 -3.98
0.921 2.283 -3.057
1.277 2.046 -1.449
0.951 1.738 -0.313
0.692 1.564 0.286
0.632 1.476 0.344
-0.077 1.51 0.904
-1.112 2.04 1.4
-1.923 2.629 1.242
-2.507 3.081 1.144
-2.851 3.049 1.021