0.0000 0.0000 0.0000
8.344 1.841 2.686
8.01 1.614 2.668
7.234 1.271 2.677
6.321 0.86 2.943
5.543 0.705 3.313
4.773 0.436 3.809
4.149 0.298 4.384
3.579 0.164 4.558
3.126 0.062 4.369
2.779 -0.047 4.312
2.303 -0.309 4.268
1.71 -0.511 4.384
1.143 -0.632 4.653
0.873 -0.75 4.998
0.665 -0.985 5.601
0.633 -1.352 6.291
0.673 -1.829 6.877
0.666 -2.137 6.818
0.634 -2.432 6.464
0.588 -2.775 5.895
0.589 -3.006 5.168
0.703 -3.24 4.263
1.106 -3.528 3.285
1.478 -3.769 2.077
2.089 -4.125 0.982
2.682 -4.126 0.34
3.129 -4.076 -0.365
3.385 -4.09 -1.07
3.503 -4.362 -1.471
4.161 -4.305 -2.582
4.633 -4.038 -3.755
4.609 -3.686 -4.914
4.57 -3.464 -5.862
4.01 -3.143 -6.603
3.247 -2.803 -6.985
2.56 -2.514 -7.054
1.571 -2.254 -6.633
1.095 -1.779 -6.15
1.029 -1.299 -6.182
1.253 -0.919 -6.744
1.792 -0.612 -7.69
2.138 -0.059 -8.585
3.036 0.42 -8.769
2.707 0.481 -8.832
1.626 1.364 -9.698
0.903 2.339 -9.332
0.718 2.39 -8.735
0.577 2.28 -8.145
0.183 2.345 -7.141
-0.369 2.162 -5.806
-0.642 2.067 -4.459
-1.147 2.127 -3.573
-1.609 2.604 -3.018
-2.328 2.938 -2.069
-3.008 3.024 -1.216
-3.5 3.368 -0.87
-3.65 3.832 -0.576
-3.277 3.906 -0.105
-2.906 3.713 0.017
-2.71 3.773 0.403