0.0000 0.0000 0.0000
6.741 0.902 7.056
6.007 0.751 6.428
5.147 0.435 5.759
4.227 0.167 5.158
3.382 0.064 4.943
2.863 -0.148 5.268
2.447 -0.487 5.577
2.004 -0.921 6.252
1.743 -1.423 6.756
1.379 -1.884 7.433
0.931 -2.127 7.836
0.45 -2.414 8.173
-0.068 -2.621 8.476
-0.389 -2.919 8.508
-0.35 -3.075 7.812
0.012 -3.569 6.479
0.717 -4.04 5.099
1.628 -4.213 4.054
2.586 -4.128 2.459
3.137 -4.275 1.205
3.849 -4.356 -0.173
4.455 -4.162 -1.423
5.044 -4.021 -2.978
5.238 -3.723 -4.18
5.429 -3.566 -5.064
5.791 -3.201 -5.988
5.945 -2.622 -6.639
5.523 -1.696 -7.182
4.996 -0.983 -8.049
4.419 -0.514 -8.382
3.796 -0.135 -8.466
3.296 0.446 -8.292
2.863 1.031 -7.911
2.576 1.548 -7.706
2.491 1.971 -7.392
2.302 2.196 -7.463
1.908 2.424 -7.923
1.114 2.673 -8.019
0.46 2.932 -7.303
-0.232 2.957 -6.469
-0.545 3.248 -5.52
-0.551 3.414 -4.313
-0.496 3.323 -3.399
-0.42 3.189 -2.766
-0.412 3.051 -2.343
-0.414 2.978 -1.686
-0.347 2.81 -1.035
-0.286 2.684 0.024
-0.24 2.605 1.065
-0.208 2.431 1.992
-0.282 2.369 2.543
-0.469 2.166 2.642
-0.767 2.027 2.559
-0.733 1.178 2.208
-1.229 1.956 2.556