0.0000 0.0000 0.0000
7.982 1.979 4.152
7.27 1.678 3.797
6.724 1.518 3.546
6.31 1.427 3.321
6.17 1.232 2.928
5.907 1.049 2.256
5.471 0.892 1.72
4.708 0.863 1.066
3.781 0.854 0.562
3.041 0.881 0.506
2.771 0.793 0.361
2.899 0.67 0.006
2.997 0.577 -0.192
2.99 0.433 -0.276
2.751 0.252 -0.145
2.295 -0.151 0.308
1.867 -0.533 1.311
1.491 -0.453 1.921
1.454 -0.391 2.35
1.851 -0.3 2.511
2.468 -0.468 2.312
2.712 -0.525 1.658
2.777 -0.748 1.01
2.715 -0.742 0.702
2.211 -0.625 0.459
1.731 -0.623 0.396
1.446 -0.569 0.675
1.258 -0.521 1.013
1.193 -0.658 1.101
1.151 -0.756 1.146
1.096 -0.715 1.23
1.021 -0.773 0.995
1.1 -0.807 0.757
1.016 -0.821 0.328
0.75 -0.998 0.174
0.503 -0.726 0.062
0.314 -0.498 -0.029
0.136 -0.526 -0.242
0.062 -0.542 -0.605
0.246 -0.376 -0.898
0.437 -0.398 -1.317
0.686 -0.522 -1.435
1.109 -0.539 -1.386
1.437 -0.476 -1.541
1.328 -0.48 -1.438
0.988 -0.527 -1.251
0.467 -0.673 -1.186
0.153 -0.674 -1.275
0.008 -1.038 -1.483
-0.103 0.177 -1.852