0.0000 0.0000 0.0000
8.448 1.807 6.867
7.301 1.686 6.283
6.347 1.552 5.793
5.471 1.457 5.36
4.708 1.311 4.755
4.194 1.189 4.055
3.689 1.165 3.383
3.242 1.143 2.45
2.97 1.054 1.791
2.802 0.949 1.396
2.435 0.785 1.222
2.123 0.724 1.031
2.074 0.634 1.014
1.703 0.502 1.05
1.274 0.46 1.307
1.121 0.38 1.521
1.069 0.307 1.507
1.203 0.233 1.442
1.445 0.175 0.971
1.542 0.011 0.296
1.353 0.062 -0.129
1.252 0.107 -0.314
1.222 0.053 -0.429
1.143 -0.011 -0.136
1.175 0.075 0.031
1.411 -0.113 -0.091
1.614 -0.239 -0.272
1.505 -0.569 -0.538
0.949 -0.787 -0.467
0.354 -0.562 -0.523
0.181 -0.394 -0.273
0.438 -0.346 -0.418
1.119 -0.19 -0.824
1.894 0.112 -1.569
2.205 0.135 -2.119
1.881 0.208 -2.01
1.434 0.092 -1.697
0.92 -0.157 -1.174
0.233 -0.4 -0.221
0.029 -0.515 0.464
0.414 -0.558 0.711
0.958 -0.684 0.51
1.423 -0.865 0.054
1.729 -0.934 -0.45
1.659 -0.866 -0.983
1.148 -0.762 -1.289
0.499 -0.677 -1.023
0.156 -0.627 -0.532
0.003 -0.728 -0.1
0.157 -0.922 -0.176
0.624 -1.132 -0.434
1.148 -1.277 -0.641
1.24 -1.192 -1.025
1.047 -1.021 -1.051
0.623 -0.893 -0.843
0.328 -0.83 -0.534
0.132 -0.842 -0.524
-0.07 -0.912 -0.653
-0.089 -1.381 -0.717
-0.003 -1.622 -0.429
0.316 -1.529 -0.067
0.525 -1.238 0.266
0.671 -0.39 0.325
0.604 -0.101 -0.051
0.569 0.365 -0.83
0.547 0.664 -1.385
0.527 0.641 -1.703
0.439 0.568 -1.576
0.206 0.503 -1.298
-0.133 0.375 -1.151
-0.404 0.354 -0.966
-0.579 0.517 -0.887
-0.745 0.586 -0.945
-0.912 0.398 -1.04
-0.898 0.22 -0.901
-0.36 0.078 -0.673
-0.117 -0.136 -0.597
0.195 -0.312 -0.408
0.607 -0.6 -0.79
0.649 -1.134 -1.099
0.464 -1.219 -1.23