0.0000 0.0000 0.0000
7.982 0.169 5.263
7.322 0.049 4.703
7.029 -0.007 4.249
6.93 0.027 4.126
6.771 0.076 3.92
6.576 -0.06 3.709
6.332 -0.2 3.269
5.622 -0.154 3.141
4.62 0.024 3.188
3.787 0.125 3.12
2.917 0.19 3.101
2.22 0.214 2.937
1.679 0.175 2.712
1.218 0.218 2.346
1.036 0.248 1.939
0.958 0.189 1.288
0.776 0.239 0.453
0.733 0.327 0.149
0.754 0.389 0.099
0.619 0.402 0.374
0.617 0.387 0.776
0.521 0.348 1.069
0.529 0.374 1.152
0.821 0.155 0.838
0.971 0.08 0.246
0.943 0.089 -0.157
0.797 -0.031 -0.822
0.623 -0.063 -1.068
0.552 0.038 -0.84
0.712 0.12 -0.308
1.028 0.108 -0.156
1.391 0.088 -0.304
1.562 -0.169 -0.731
1.535 -0.239 -0.83
1.39 -0.189 -1.023
1.398 -0.127 -1.334
1.508 -0.036 -1.468
1.607 0.035 -1.399
1.532 -0.088 -1.474
1.388 -0.131 -1.335
1.163 -0.161 -0.84
0.693 -0.153 -0.359
0.356 -0.078 -0.435
0.14 0.015 -0.78
0.177 0.091 -1.546
0.298 0.151 -1.84
0.561 0.145 -1.863
0.694 -0.007 -2.03
0.633 -0.187 -1.844
0.475 -0.211 -1.332
0.04 -0.13 -0.957
-0.386 -0.031 -0.689
-0.657 -0.114 -0.387
-0.772 -0.214 -0.125
-0.557 -0.305 -0.121
-0.269 -0.3 -0.445
-0.061 -0.443 -0.978
0.237 -0.484 -1.38
0.291 -0.419 -1.466
0.098 -0.179 -1.069
-0.204 0.08 -0.523
-0.778 0.132 -0.281
-1.235 0.058 -0.08
-1.154 -0.084 -0.038
-0.909 -0.145 -0.086
-0.663 -0.268 -0.189
-0.459 -0.353 -0.093
-0.448 -0.413 -0.049
-0.385 -0.406 0.016
-0.364 -0.408 -0.054
-0.586 -0.48 -0.35
-0.7 -0.544 -0.66
-0.552 -0.515 -1.137
-0.282 -0.438 -1.394
0.271 -0.316 -1.478
0.779 -0.276 -1.236
1.313 -0.343 -1.052
1.466 -0.335 -0.99
1.431 -0.327 -0.667
1.288 -0.708 -0.315
1.09 -0.611 0.043
0.955 -0.369 -0.176