0.0000 0.0000 0.0000
7.801 -0.821 10.038
7.34 -1.058 8.483
6.339 -0.607 7.057
4.748 -0.116 6.067
3.291 0.033 5.701
2.367 0.098 5.709
2.087 0.037 5.888
2.137 -0.207 6.083
2.526 -0.548 5.759
2.86 -0.554 5.097
2.677 -0.654 4.165
2.521 -0.726 2.878
2.58 -1.188 1.34
2.046 -1.293 1.198
1.746 -1.25 1.302
1.615 -1.271 1.361
1.798 -1.601 1.51
2.23 -1.863 1.445
2.524 -1.944 1.016
2.677 -1.879 0.319
2.625 -1.674 -0.806
2.655 -1.489 -1.337
2.476 -1.478 -1.342
2.306 -1.477 -1.276
2.222 -1.656 -1.192
2.215 -1.637 -0.943
2.683 -1.586 -1.064
3.139 -1.436 -1.673
3.79 -1.214 -2.566
3.816 -0.972 -3.292
3.09 -0.823 -3.402
2.281 -0.405 -3.476
2.009 -0.39 -3.55
1.688 -0.239 -3.402
1.872 -0.215 -3.329
2.228 -0.4 -2.979
1.807 -0.602 -2.94
1.566 -0.679 -2.878
1.926 -0.723 -3.375
2.32 -0.539 -4.054
2.079 -0.433 -4.692
1.742 -0.088 -4.964
1.447 0.127 -5.209
0.716 0.252 -4.92
0.11 0.347 -4.497
0.004 0.605 -4.53
0.159 0.778 -4.715
0.341 1.01 -4.985
0.479 1.237 -4.926
0.733 1.268 -4.442
0.918 1.219 -3.696
0.568 1.226 -2.887
0.175 1.112 -2.331
-0.617 1.716 -1.96
-0.987 2.26 -2.126