0.0000 0.0000 0.0000
5.914 -0.08 12.986
6.193 0.056 10.576
5.763 0.008 8.984
5.161 -0.07 8.421
4.412 -0.192 8.794
3.497 -0.345 8.734
2.638 -0.474 7.791
2.375 -0.539 6.305
2.921 -0.554 4.218
3.086 -0.654 2.538
3.493 -0.752 1.646
3.436 -1.039 1.732
3.239 -1.443 2.17
3.088 -1.558 2.427
2.9 -1.893 2.331
2.739 -2.29 2.167
2.646 -2.474 1.519
2.562 -2.486 0.764
2.599 -2.444 0.558
2.805 -2.337 0.606
2.843 -2.612 0.528
2.929 -3.032 0.389
3.015 -3.427 0.246
2.912 -3.437 0.049
2.854 -3.378 -0.463
3.301 -3.195 -1.253
3.436 -3.065 -1.938
3.11 -3.052 -2.132
2.868 -2.962 -1.927
2.736 -2.933 -1.726
2.523 -2.821 -1.545
2.21 -2.711 -1.468
1.756 -2.5 -1.329
1.632 -2.336 -1.731
1.59 -2.094 -2.799
1.534 -1.548 -3.433
1.484 -1.187 -3.942
1.284 -0.749 -4.445
1.104 -0.562 -4.216
0.769 -0.497 -3.639
0.537 -0.387 -2.878
0.363 -0.081 -2.177
0.292 0.167 -2.123
0.452 0.297 -2.66
0.597 0.707 -3.885
0.727 1.455 -4.833
0.412 2.189 -5.332
0.173 2.539 -5.014
0.13 2.836 -3.797
0.496 2.811 -3.03
0.998 2.642 -3.408
1.269 2.567 -4.127
1.771 2.431 -5.067
1.103 2.317 -5.535
-0.188 2.508 -5.507
0.459 2.585 -4.654
0.939 2.809 -3.594
0.828 2.545 -3.812
0.771 2.592 -3.733
0.547 2.273 -3.377
0.277 1.907 -3.142
0.06 2.285 -3.009
-0.781 2.402 -3.199