0.0000 0.0000 0.0000
6.819 0.083 9.28
5.818 -0.2 8.817
4.788 -0.387 8.548
4.257 -0.624 8.399
4.349 -0.829 8.016
4.258 -0.961 7.809
4.134 -1.382 7.296
3.893 -1.52 6.721
3.392 -1.506 5.592
2.828 -1.622 4.128
2.451 -1.503 3.387
2.214 -1.491 3.075
2.001 -2.023 3.12
1.836 -2.449 2.955
2.083 -2.61 2.496
2.702 -2.736 1.806
3.337 -3.04 0.557
3.537 -3.055 -0.524
3.287 -2.948 -0.609
3.019 -3.101 -0.281
2.863 -3.36 0.16
3.215 -3.42 -0.217
3.781 -3.388 -0.781
4.98 -3.403 -1.987
5.137 -2.994 -3.512
4.977 -2.151 -4.963
4.686 -1.626 -5.595
4.519 -1.342 -5.553
4.498 -1.51 -5.558
3.876 -1.281 -4.433
3.316 -0.903 -2.947
2.915 -0.752 -2.316
3.365 -0.746 -2.567
3.364 -0.766 -3.284
3.045 -0.759 -3.981
2.766 -0.726 -3.816
2.335 -0.696 -3.564
1.136 -0.178 -3.328
0.419 0.761 -3.176
0.213 1.348 -3.065
0.08 1.756 -2.836
-0.014 1.969 -2.69