0.0000 0.0000 0.0000
6.931 0.04 9.702
6.746 0.053 8.801
6.39 0.099 7.886
5.7 0.02 6.813
4.828 0.053 6.054
4.448 0.151 5.302
3.935 0.144 4.574
3.205 0.242 4.177
2.764 0.278 3.724
2.418 0.224 3.335
2.168 0.219 3.01
1.925 0.128 2.64
1.689 0.167 2.212
1.512 0.348 1.818
1.404 0.219 1.197
1.289 0.171 0.939
1.16 0.093 0.906
1.148 0.007 0.781
1.455 -0.088 0.633
1.732 -0.2 0.105
1.645 -0.249 -0.293
1.549 -0.215 -0.375
1.575 -0.332 -0.433
1.745 -0.462 -0.484
1.941 -0.485 -0.634
2.169 -0.419 -1.2
2.099 -0.532 -1.649
1.941 -0.703 -1.509
1.962 -0.745 -1.117
2.18 -0.963 -0.997
2.341 -1.229 -1.156
2.262 -1.365 -1.505
2.036 -1.366 -1.372
2.108 -1.315 -1.364
2.078 -1.227 -1.521
2.198 -1.139 -1.774
2.34 -1.008 -2.027
2.511 -0.924 -2.281
2.355 -0.952 -2.458
2.05 -0.9 -2.255
1.483 -0.81 -2.331
0.749 -0.677 -2.193
0.424 -0.472 -1.948
0.355 -0.433 -1.9
0.372 -0.381 -2.408
0.739 -0.386 -2.994
1.355 -0.339 -3.384
2.159 -0.253 -3.873
2.469 -0.202 -4.21
2.325 -0.19 -4.022
1.903 -0.119 -3.154
1.42 -0.099 -2.175
0.795 -0.011 -1.906
0.586 0.144 -2.051
0.527 0.319 -2.527
0.501 0.744 -3.041
0.226 0.73 -3.366