0.0000 0.0000 0.0000
9.559 0.634 7.789
9.043 0.149 6.501
8.139 0.177 5.42
7.075 0.297 4.395
5.704 0.138 4.12
4.323 -0.039 4.173
3.02 0.188 4.411
2.287 0.462 4.245
2.032 0.528 3.528
1.958 0.622 2.675
2.03 0.585 1.933
1.68 0.639 0.74
1.46 0.79 -0.152
1.478 0.625 -0.3
1.511 0.554 -0.029
1.576 0.576 0.37
1.582 0.467 0.643
1.475 0.308 0.872
1.353 0.234 0.371
1.287 0.288 -0.389
1.288 0.475 -0.954
1.348 0.539 -1.315
1.438 0.201 -0.908
1.251 0.043 -0.3
1.048 -0.193 0.031
1.047 -0.657 -0.092
0.847 -0.643 -0.255
0.581 -0.371 -0.307
1.17 0.018 -0.845
2.139 0.215 -1.881
2.778 0.253 -2.158
2.698 0.366 -1.96
2.42 0.502 -1.703
2.031 0.21 -1.499
1.19 -0.163 -1.219
0.071 -0.018 -1.02
-0.426 0.018 -0.944
-0.392 0.05 -0.953
0.051 0.2 -0.943
0.529 0.275 -1.065
0.821 0.101 -1.148
1.152 -0.063 -1.024
1.382 -0.238 -0.663
1.33 -0.43 -0.252
0.947 -0.456 0.565
0.343 -0.272 1.284
0.007 -0.46 1.087
-0.57 -0.509 0.668
-0.78 -0.467 -0.165
-0.4 -0.42 -0.907
-0.033 -0.274 -1.402
0.159 -0.075 -1.15
0.247 -0.231 -0.733
0.291 -0.268 -0.307
0.339 -0.181 0.033
0.245 -0.232 0.09
0.186 -0.053 0.099
0.133 -0.022 -0.014
-0.009 -0.106 -0.245
-0.146 0.059 -0.281
-0.166 0.061 -0.391
0.074 -0.107 -0.481
0.256 -0.166 -0.407
0.756 -0.235 -0.271
1.069 -0.281 -0.063
0.944 -0.313 0.201
0.591 -0.368 0.508
-0.148 -0.236 0.526
-0.486 -0.195 0.258
-0.627 -0.245 -0.301
-0.582 -0.186 -0.564
-0.118 -0.107 -0.844
0.487 -0.32 -1.44
0.93 -0.409 -1.856
0.914 -0.557 -1.886
0.84 -1.001 -1.499
0.73 -1.212 -1.065
0.398 -1.711 -0.579
-0.106 -1.238 -0.306
-0.199 -1.468 -0.671