0.0000 0.0000 0.0000
10.844 1.186 7.142
9.906 1.257 6.497
8.907 1.045 5.925
7.843 1.009 5.419
6.697 0.848 4.885
5.639 0.936 3.948
4.86 1.161 2.95
4.184 0.898 2.147
3.275 0.739 1.682
2.516 0.622 1.264
2.058 0.405 1.249
1.981 0.192 1.193
2.386 0.233 0.893
2.656 0.141 0.614
2.554 -0.079 0.535
2.394 -0.278 0.447
2.335 -0.492 0.239
2.196 -0.598 0.267
1.666 -0.503 0.464
1.465 -0.28 0.667
1.948 -0.399 0.342
2.313 -0.557 -0.389
2.711 -0.674 -1.643
2.112 -0.598 -2.608
1.427 -0.547 -3.175
0.595 -0.449 -2.857
0.165 0.061 -1.589
0.45 0.089 -0.378
1.086 0.089 0.253
1.494 0.071 0.107
2.491 0.012 -0.894
2.837 0.02 -1.623
2.156 -0.266 -2.09
1.174 -0.489 -1.941
0.289 -0.414 -1.135
0.114 -0.494 -0.375
0.197 -0.487 0.618
0.789 -0.309 1.151
2.046 -0.27 0.381
2.557 -0.105 -0.837
2.655 -0.068 -2.193
2.087 -0.096 -3.042
0.931 -0.129 -3.557
-0.808 -0.082 -3.115
-1.822 -0.134 -2.122
-2.82 -0.31 -1.169
-3.279 -0.167 0.162
-2.762 -0.004 0.793
-1.262 0.116 0.532
0.208 0.191 -0.925
1.446 0.215 -2.642
2.344 0.305 -3.938
2.058 0.214 -4.363
0.947 0.124 -3.66
-0.035 0.163 -2.199
-0.367 0.199 -0.988
-0.477 0.239 -0.01
-0.515 0.267 0.214
-0.481 0.188 -0.142
-0.674 0.049 -0.706
-0.607 0.682 -1.781