0.0000 0.0000 0.0000
11.628 0.04 5.134
10.086 0.398 4.569
8.491 0.478 4.715
6.737 0.603 5.063
5.503 0.267 4.892
4.651 0.257 4.334
4.315 0.378 3.263
4.349 0.401 1.833
4.086 0.576 0.814
3.773 0.63 0.198
3.516 0.472 0.135
3.095 0.373 0.656
2.656 0.465 1.047
2.486 0.47 1.011
2.608 0.363 0.583
2.898 0.301 -0.009
2.867 0.21 -0.336
2.658 -0.086 -0.509
2.383 -0.18 -0.363
2.119 -0.335 -0.051
1.838 -0.56 0.246
1.491 -0.486 0.67
1.376 -0.481 0.568
1.428 -0.502 -0.134
1.44 -0.477 -0.974
1.425 -0.395 -1.333
1.498 -0.468 -1.519
1.323 -0.585 -1.582
0.828 -0.285 -0.898
0.659 -0.11 0.225
0.783 -0.469 0.254
1.041 -0.543 -0.038
1.755 -0.454 -0.508
2.321 -0.572 -0.888
2.201 -0.386 -1.127
1.49 -0.071 -0.936
1.022 0.012 -0.782
0.652 0.054 -0.928
-0.033 0.221 -1.404
-0.193 0.173 -2.108
-0.26 0.078 -2.759
-0.492 0.036 -2.983
-0.676 -0.191 -2.357
-1.143 -0.646 -1.087
-1.494 -0.314 0.417
-1.258 -0.136 0.737
-0.279 -0.234 -0.499
0.282 -0.125 -2.561
0.59 -0.078 -4.451
0.126 0.058 -5.29
-0.635 0.078 -5.192
-1.735 -0.066 -3.776
-2.751 -0.103 -1.52
-3.321 -0.032 1.062
-2.721 -0.762 2.326
-1.76 -1.125 2.412
0.199 0.073 0.249