0.0000 0.0000 0.0000
6.844 -2.054 12.4
6.358 -1.883 10.341
6.601 -1.832 8.971
6.579 -1.822 7.367
6.404 -1.674 6.07
6.143 -1.558 5.127
5.58 -1.807 4.907
4.893 -1.971 5.278
4.352 -2.188 5.207
4.123 -2.374 4.798
4.056 -2.344 4.215
4.115 -2.514 3.302
4.238 -2.728 2.196
3.987 -2.8 1.727
3.941 -3.166 0.916
4.418 -3.376 0.531
4.734 -3.193 -0.047
4.726 -3.063 -0.481
4.452 -3.222 -0.295
4.386 -3.417 0.319
4.361 -3.567 0.468
4.77 -3.693 0.077
4.896 -4.03 -0.861
5.38 -3.886 -1.585
5.454 -3.669 -2.78
5.003 -3.242 -3.674
4.193 -3.176 -3.858
2.843 -3.135 -3.274
1.826 -2.743 -2.498
0.755 -2.616 -2.11
0.197 -2.397 -2.192
-0.253 -2.123 -2.93
-0.038 -1.316 -3.413
1.267 -0.839 -4.218
2.321 -0.126 -4.546
3.399 0.489 -4.669
4.119 0.974 -5.279
4.138 1.592 -5.897
2.397 1.976 -5.773
0.097 2.416 -5.782
-1.11 2.907 -5.057
-1.344 3.323 -3.638
-1.873 3.43 -2.877
-1.806 3.441 -3.451
-1.272 3.639 -5.235
-0.912 3.999 -6.677
-0.942 3.97 -6.871
-1.158 3.935 -6.399
-1.585 3.809 -5.656
-2.107 3.954 -4.659
-2.146 4.015 -4.133
-2.742 3.829 -3.452
-3.019 3.791 -2.754
-3.441 3.774 -2.461
-3.347 3.974 -2.62
-2.892 4.378 -3.246
-2.163 4.293 -3.412
-1.705 4.192 -3.683
-1.517 4.384 -3.194
-1.391 4.308 -2.418
-1.278 3.972 -1.659
-1.185 2.997 -0.579
-1.195 3.128 0.4
-0.576 2.738 0.851