0.0000 0.0000 0.0000
5.026 5.159 10.823
5.592 4.143 9.404
5.791 3.893 8.171
5.479 3.814 7.948
5.457 3.415 7.472
5.178 2.875 6.691
4.617 2.553 5.935
3.647 2.16 5.299
2.912 2.022 4.588
2.552 2.0 3.543
2.339 1.93 2.766
2.433 1.771 2.067
2.681 1.551 1.533
2.628 1.318 0.905
2.417 0.953 0.237
2.124 0.6 -0.087
1.73 0.333 -0.044
1.359 0.032 -0.074
1.033 -0.28 -0.032
0.792 -0.494 -0.063
0.825 -0.539 -0.315
1.173 -0.528 -0.715
1.34 -0.553 -1.488
1.31 -0.765 -1.908
1.067 -0.852 -1.95
0.779 -1.103 -1.669
0.529 -1.105 -1.174
0.657 -1.184 -0.746
0.867 -1.264 -0.879
0.883 -1.301 -1.092
0.786 -1.507 -0.992
0.716 -1.684 -0.763
0.826 -1.541 -0.971
1.2 -1.361 -1.469
1.545 -1.234 -1.856
1.33 -1.377 -1.567
1.275 -1.671 -1.143
1.363 -1.831 -0.839
1.39 -1.837 -0.704
1.501 -1.826 -1.073
1.36 -1.626 -1.62
1.077 -1.489 -2.51
0.874 -1.495 -3.586
1.071 -1.354 -4.572
1.257 -1.193 -4.701
1.649 -1.091 -4.593
1.88 -0.965 -3.746
2.356 -0.859 -3.0
2.051 -0.989 -2.64
1.389 -1.14 -2.79
0.811 -0.923 -3.467
0.566 -1.003 -3.896
0.475 -0.773 -4.541
0.643 -0.403 -4.871
1.07 -0.311 -5.246
1.187 -0.081 -5.066
0.697 -0.03 -4.361
0.24 -0.104 -3.459
-0.068 -0.223 -2.898
-0.285 0.039 -2.901
0.113 0.053 -3.826
0.343 0.228 -4.073
0.697 0.369 -4.165
1.032 0.444 -4.128
0.799 0.667 -3.646
0.53 2.091 -2.885