0.0000 0.0000 0.0000
9.473 -0.442 8.565
8.276 -0.225 8.07
7.147 -0.177 7.668
5.992 -0.142 6.884
4.988 0.07 6.377
4.308 0.252 5.722
3.541 0.235 5.399
2.885 0.341 5.489
3.062 0.359 5.345
3.506 0.133 4.578
3.888 0.146 3.594
3.878 0.028 2.976
3.111 -0.259 2.42
2.222 -0.457 2.057
1.586 -0.601 1.782
1.462 -0.739 1.578
1.661 -0.829 1.317
2.184 -0.884 1.133
2.948 -1.2 1.055
3.377 -1.434 0.742
3.505 -1.445 0.168
3.646 -1.43 -0.244
3.471 -1.459 -0.659
3.081 -1.805 -0.878
2.807 -2.202 -0.73
2.569 -2.343 -0.769
2.295 -2.497 -0.925
1.988 -2.282 -0.979
1.849 -2.071 -1.243
1.794 -1.933 -1.635
1.709 -1.843 -2.136
1.84 -1.667 -2.913
2.397 -1.448 -3.716
2.942 -1.64 -4.164
3.639 -1.941 -3.885
3.706 -2.6 -3.315
3.12 -2.754 -2.596
2.454 -2.194 -1.957
1.812 -1.983 -1.804
1.321 -1.431 -2.288
1.283 -0.909 -3.153
1.758 -1.059 -4.433
2.065 -1.393 -5.411
1.35 -0.943 -5.689
0.353 0.003 -5.741
-0.25 0.365 -4.253
-1.458 0.389 -3.457
-2.044 1.462 -3.663
-1.03 2.264 -5.236
-0.065 2.356 -6.772
-0.058 2.37 -6.871
-0.69 3.004 -6.149
-1.026 2.617 -4.939
-1.449 1.959 -3.437