0.0000 0.0000 0.0000
7.861 0.807 2.747
7.067 1.019 2.075
6.007 0.9 1.799
5.156 0.862 1.765
4.494 0.534 2.339
3.941 0.403 3.027
3.504 0.397 3.354
3.283 0.194 3.553
3.575 0.347 3.594
3.864 0.217 3.269
4.012 0.169 2.899
3.688 0.092 2.902
3.043 -0.39 3.232
2.472 -0.489 3.4
2.371 -0.673 3.465
2.582 -0.786 3.817
3.125 -0.897 4.409
3.563 -1.161 4.528
3.655 -1.028 3.886
3.358 -0.925 2.532
2.686 -0.996 1.572
1.426 -1.026 1.139
0.465 -1.526 1.335
0.142 -1.693 1.684
0.481 -1.687 1.749
1.502 -1.811 1.78
2.309 -2.285 1.602
2.827 -2.496 0.847
3.001 -2.419 -0.262
2.374 -2.479 -1.348
1.309 -2.248 -1.92
0.514 -2.101 -1.366
0.704 -2.046 -0.988
1.366 -2.1 -1.053
2.324 -2.114 -1.801
2.48 -1.885 -2.948
1.758 -1.231 -3.791
1.151 -0.91 -4.041
0.406 -0.664 -4.274
0.03 -0.227 -3.726
-0.102 0.183 -3.164
-0.083 0.501 -3.072
0.011 0.804 -3.514
0.053 1.06 -4.266
0.056 1.118 -5.15
0.0 1.109 -5.531
-0.121 1.524 -5.409
-0.126 1.828 -4.842
0.136 1.835 -4.84
0.855 1.651 -4.753
1.493 1.676 -4.734
2.128 1.594 -4.39
2.243 1.547 -3.701
1.863 1.384 -3.046
0.763 1.021 -2.302
0.454 0.859 -1.598
0.486 0.523 -1.024