0.0000 0.0000 0.0000
7.034 2.177 8.521
7.055 1.666 6.756
6.59 1.189 5.847
6.061 0.76 6.124
5.575 0.003 6.572
5.474 -0.47 6.691
5.754 -0.604 5.866
5.989 -1.251 4.469
5.864 -1.634 3.143
5.433 -1.988 2.493
5.389 -2.228 2.287
5.747 -2.945 2.635
5.457 -3.435 3.027
5.187 -3.738 2.905
4.944 -4.459 2.563
4.648 -4.814 2.263
4.433 -4.617 1.149
4.472 -4.492 -0.335
4.214 -4.396 -1.353
3.836 -4.318 -1.89
3.461 -4.317 -2.063
3.21 -4.256 -1.779
3.225 -4.218 -1.463
2.954 -4.512 -1.377
2.883 -4.319 -1.429
2.749 -4.189 -1.872
2.785 -3.822 -2.512
2.704 -3.689 -2.89
2.718 -3.355 -3.024
2.877 -3.105 -2.85
2.934 -2.855 -2.565
2.934 -2.587 -2.274
2.675 -2.414 -2.021
2.14 -2.181 -1.974
1.323 -1.903 -2.337
0.708 -1.54 -2.715
0.577 -0.835 -2.866
0.493 -0.372 -2.958
0.444 0.13 -3.111
0.399 0.677 -3.351
0.316 0.971 -3.895
-0.051 1.409 -3.773
-0.563 1.793 -3.551
-1.135 2.105 -2.92
-1.582 1.955 -2.455
-1.432 1.897 -2.072
-1.013 2.044 -2.244
-0.946 2.52 -3.312
-1.102 2.992 -4.481
-1.069 3.339 -4.989
-1.565 3.436 -4.525
-2.529 3.868 -3.4
-2.906 4.18 -2.5
-2.753 4.055 -1.81
-2.495 4.235 -1.81
-2.245 4.312 -2.319
-2.021 4.398 -3.035
-1.896 4.397 -3.214
-1.982 4.371 -2.884
-2.387 4.399 -2.63
-2.64 4.615 -2.444
-2.996 4.644 -2.071
-2.921 4.464 -1.769
-2.508 4.345 -1.626
-2.059 4.462 -1.171
-1.586 3.947 -0.821
-1.341 4.285 -0.023
-0.733 3.624 0.676