0.0000 0.0000 0.0000
7.112 1.712 9.556
8.21 1.36 8.186
8.699 1.06 6.98
8.493 0.566 6.825
7.695 0.345 6.806
6.607 -0.033 6.556
5.188 -0.107 6.168
3.893 -0.217 5.439
2.978 -0.342 4.481
2.637 -0.377 3.378
2.813 -0.201 2.101
2.85 -0.155 0.986
2.54 -0.286 0.37
2.07 -0.593 0.186
1.501 -1.249 0.323
0.989 -1.538 0.385
1.036 -1.746 0.14
1.39 -1.839 -0.399
1.682 -1.715 -1.152
2.186 -1.664 -1.761
2.674 -2.041 -2.24
2.553 -2.294 -2.059
2.28 -2.469 -1.861
2.104 -2.731 -1.77
1.945 -2.587 -1.74
2.035 -2.414 -2.54
2.53 -2.302 -3.087
2.889 -1.917 -3.821
3.496 -1.561 -4.396
3.474 -1.25 -4.559
2.902 -1.09 -4.509
2.44 -0.464 -4.575
2.265 -0.159 -5.333
2.03 0.58 -6.523
1.973 0.772 -7.189
2.189 0.841 -7.289
1.686 0.886 -7.112
1.086 0.78 -6.478
0.848 0.633 -5.399
0.591 0.432 -4.618
0.204 0.44 -3.381
0.072 0.784 -2.689
0.323 1.188 -2.455
0.291 0.57 -2.692
-0.013 0.599 -2.25
1.022 1.711 -2.508
1.919 0.6 -2.472