0.0000 0.0000 0.0000
8.025 0.867 11.831
8.154 0.875 10.855
7.286 0.71 10.287
5.903 0.527 10.413
4.795 0.31 10.207
3.755 0.159 9.299
3.087 0.315 7.731
2.657 0.473 6.061
2.314 0.598 4.343
2.065 0.831 2.875
1.738 0.895 1.458
1.659 0.952 0.588
1.648 0.477 0.512
1.561 0.093 0.875
1.413 -0.199 0.985
1.272 -0.395 0.775
1.179 -0.416 0.292
1.354 -0.348 -0.107
1.874 -0.313 -0.717
2.126 -0.368 -1.55
2.56 -0.262 -2.205
2.683 -0.271 -2.993
2.441 -0.364 -3.228
2.205 -0.379 -2.966
2.234 -0.471 -2.29
2.218 -0.493 -1.13
2.186 -0.59 -0.482
2.372 -0.988 -0.77
2.643 -1.001 -1.693
2.741 -1.073 -2.687
3.07 -1.198 -3.151
2.996 -1.535 -3.189
2.765 -1.382 -2.586
2.592 -1.39 -1.845
2.393 -1.191 -1.367
2.257 -0.882 -1.472
2.29 -1.061 -2.186
2.423 -0.722 -2.907
2.379 -0.624 -3.556
1.9 -0.777 -3.64
1.201 -0.846 -3.19
0.917 -0.856 -2.483
0.86 -0.805 -2.045
1.127 -0.638 -2.375
1.669 -0.307 -3.042
1.821 0.102 -3.703
1.708 0.316 -4.152
1.261 0.353 -3.986
0.549 -0.035 -3.433
-0.229 -0.548 -2.417
-0.542 -0.502 -1.124
-0.324 -0.564 -0.365
0.181 -0.542 -0.406
0.973 -0.393 -1.124
1.1 -0.172 -2.218
0.999 0.068 -2.987
0.726 0.371 -3.507
-0.199 0.584 -3.157
-1.066 0.853 -2.824
-1.417 1.121 -2.326
-1.456 1.328 -1.49
-1.362 1.316 -1.255
-1.467 1.003 -1.379
-1.648 1.808 -1.069
-1.104 1.403 -1.763