0.0000 0.0000 0.0000
6.284 0.746 10.754
6.673 0.103 8.437
6.936 0.317 7.749
6.76 0.207 7.534
6.118 0.126 7.711
5.368 -0.015 7.69
4.564 -0.039 7.171
3.66 0.05 6.187
2.639 0.26 5.016
2.004 0.502 3.86
1.683 0.71 2.603
1.359 0.725 1.894
1.241 0.678 1.317
1.117 0.602 1.047
1.039 0.524 0.934
0.918 0.403 0.789
0.861 0.242 0.744
0.887 -0.1 0.791
0.953 -0.418 0.832
1.159 -0.609 0.413
1.371 -0.599 -0.171
1.63 -0.703 -1.067
2.01 -0.926 -1.357
1.99 -1.126 -1.307
1.395 -1.005 -0.987
1.281 -0.784 -0.94
1.86 -0.705 -1.423
2.665 -0.281 -2.367
3.252 -0.219 -3.164
3.09 -0.102 -3.719
3.022 -0.204 -4.131
2.78 -0.304 -3.882
2.339 -0.265 -3.045
1.889 -0.376 -1.698
1.485 -0.433 -0.58
1.491 -0.519 -0.315
1.721 -0.674 -1.137
2.316 -0.546 -2.505
2.628 -0.406 -3.677
2.96 -0.218 -3.938
2.215 -0.369 -3.002
1.339 -0.384 -1.719
0.627 -0.483 -1.004
0.22 -0.719 -0.283
0.008 -0.871 -0.151
-0.061 -1.0 -0.86
-0.098 -1.029 -2.006
-0.053 -0.771 -2.935
0.02 -0.564 -2.977
0.139 -0.672 -2.637
0.607 -0.803 -2.39
1.124 -0.826 -2.263
1.124 -0.735 -2.287
0.787 -0.618 -2.36
0.415 -0.513 -2.787
-0.039 -0.255 -3.06
-0.285 0.33 -3.142
-0.334 0.59 -3.483
-0.309 0.583 -3.669
-0.321 0.8 -3.612
-0.298 1.375 -3.475