0.0000 0.0000 0.0000
6.784 1.014 9.271
5.709 0.964 8.723
4.759 0.876 7.98
4.05 0.737 7.122
3.714 0.654 6.358
3.593 0.554 5.61
3.578 0.516 4.704
3.582 0.551 3.682
3.345 0.513 2.874
3.183 0.565 2.587
2.959 0.301 2.949
2.577 0.254 3.214
2.647 0.306 3.056
3.003 0.138 2.156
2.814 0.003 1.363
2.412 -0.203 0.839
2.3 -0.372 0.789
2.467 -0.594 1.02
2.59 -0.646 1.272
2.728 -0.556 1.446
2.869 -0.629 1.121
2.858 -0.799 -0.025
3.106 -0.961 -1.082
3.192 -1.201 -2.138
2.993 -1.261 -2.751
2.651 -1.385 -2.795
2.196 -1.678 -2.154
1.597 -1.794 -1.059
1.403 -1.649 -0.419
1.711 -1.7 -0.368
1.721 -1.754 -1.047
1.885 -1.992 -1.933
2.144 -2.189 -2.352
1.861 -1.996 -2.539
1.365 -1.771 -2.225
1.28 -1.697 -1.528
1.557 -1.734 -0.901
1.763 -1.75 -0.501
1.664 -1.791 -0.39
1.515 -1.715 -0.98
1.32 -1.578 -1.985
1.318 -1.342 -2.709
1.22 -1.07 -3.386
0.883 -0.489 -3.866
0.191 0.007 -3.833
-0.353 0.222 -3.303
-0.473 0.131 -2.016
-0.434 0.195 -0.815
-0.261 -0.289 -0.785
0.023 -0.208 -1.827
0.408 0.113 -3.04
0.057 0.662 -3.736
-0.198 0.923 -3.707
-0.247 1.072 -3.138
-0.317 1.293 -2.54
-0.302 1.336 -1.708
-0.376 1.254 -0.874
-0.872 1.171 -0.476
-1.311 1.416 -0.506
-1.714 1.266 -1.119
-2.43 1.993 -1.541
-2.274 1.561 -2.491
-2.779 1.715 -2.086
-3.113 1.328 -1.938
-2.707 1.023 -1.503