0.0000 0.0000 0.0000
6.663 -2.028 15.77
6.204 -1.834 14.529
5.609 -1.573 13.292
5.083 -1.295 11.868
4.73 -1.174 10.414
4.455 -1.074 9.062
4.147 -0.983 7.889
3.543 -0.695 6.841
3.085 -0.324 5.726
2.716 -0.231 4.748
2.35 -0.2 3.791
2.106 -0.162 2.989
1.921 -0.241 2.018
1.703 -0.57 1.333
1.567 -0.703 0.821
2.048 -0.753 0.178
2.533 -0.859 -0.537
2.771 -0.902 -1.052
2.752 -1.26 -1.067
2.968 -1.582 -1.236
3.206 -1.838 -1.621
3.532 -2.136 -2.071
3.385 -2.078 -2.346
3.107 -2.12 -2.715
2.943 -2.468 -2.978
2.924 -2.695 -3.594
2.589 -2.141 -4.294
2.468 -1.91 -4.546
2.902 -2.046 -4.617
3.741 -1.488 -4.578
4.978 -0.952 -4.404
5.075 -0.856 -4.731
4.671 -0.607 -5.145
4.221 -0.417 -5.363
3.368 -0.323 -4.801
2.04 0.07 -3.838
1.319 0.028 -3.704
1.118 0.12 -4.118
0.877 0.074 -5.327
0.677 0.066 -6.406
0.626 0.06 -6.834
0.305 0.261 -6.556
0.094 0.226 -5.805
0.515 0.324 -5.138
0.61 0.3 -5.28
0.42 0.348 -5.002
-0.311 0.494 -4.363
-0.849 0.694 -3.643
-1.031 0.883 -3.373
-1.453 1.252 -3.751
-1.592 1.695 -4.324
-1.519 2.241 -5.184
-1.402 2.913 -5.468
-1.227 3.303 -5.317
-0.82 3.774 -4.742
-0.16 4.198 -4.415
0.217 4.089 -3.671
0.247 4.068 -3.235
0.196 3.876 -2.153
0.09 3.299 -0.809
-0.357 2.702 0.883
-0.658 2.268 2.596
-0.738 1.808 3.707