0.0000 0.0000 0.0000
8.715 0.221 6.918
7.973 0.078 6.149
7.072 0.001 5.517
6.106 0.096 5.172
5.34 0.112 4.827
4.754 0.092 4.93
4.038 -0.028 5.394
3.306 0.094 5.811
2.665 0.137 5.627
2.106 0.045 5.081
1.964 0.153 4.504
2.069 0.353 3.847
2.345 0.421 3.367
2.343 0.112 3.134
2.376 -0.123 3.234
2.276 -0.248 3.342
2.023 -0.266 3.404
1.76 -0.326 3.244
1.498 -0.526 3.092
1.52 -0.896 3.085
1.722 -1.099 3.397
2.213 -1.032 3.385
3.078 -1.489 3.012
3.528 -1.866 2.236
3.736 -2.197 1.47
3.078 -2.382 1.288
2.348 -2.497 0.858
2.173 -2.756 0.548
2.628 -3.058 0.501
3.236 -3.795 0.624
3.619 -4.372 1.501
4.007 -4.452 1.532
4.718 -5.308 0.439
4.729 -5.924 -1.992
4.601 -5.659 -4.361
4.235 -5.394 -6.252
3.458 -4.743 -7.618
2.88 -4.027 -8.304
2.497 -3.125 -8.387
2.178 -2.243 -8.626
1.753 -2.079 -9.039
1.207 -1.888 -8.902
0.975 -1.613 -8.477
1.205 -1.4 -8.103
0.455 -1.226 -8.379
-0.529 -0.052 -8.506
-0.683 0.892 -8.578
-0.572 1.294 -8.668
-0.48 2.009 -8.224
-0.397 2.705 -7.203
-0.185 2.805 -6.233
0.203 2.86 -5.652
0.286 2.971 -5.165
-0.285 3.027 -4.484
-1.118 3.207 -3.096
-2.333 3.188 -1.752
-2.652 3.257 -0.896
-2.412 3.759 -0.453
-2.214 3.676 -0.132
-2.527 3.489 -0.455
-2.826 3.761 -0.246