0.0000 0.0000 0.0000
8.301 1.16 10.314
7.678 1.406 8.8
6.738 1.481 7.722
6.012 1.41 6.657
5.678 1.304 5.456
5.257 1.078 4.635
4.671 0.902 4.085
3.867 0.493 3.78
3.084 0.193 3.695
2.784 0.079 3.308
2.695 -0.178 2.727
2.641 -0.384 1.869
2.601 -0.553 1.173
2.574 -0.678 0.806
2.437 -0.852 0.639
2.236 -1.008 0.558
2.021 -1.269 0.631
1.776 -1.599 0.939
1.521 -1.999 0.957
1.17 -2.109 0.732
1.027 -2.028 0.15
1.071 -1.739 -0.872
1.533 -1.349 -2.457
1.75 -0.982 -3.444
1.894 -0.746 -3.798
2.291 -1.033 -3.487
2.398 -1.067 -2.638
2.227 -1.021 -1.331
2.047 -1.014 -0.285
1.972 -1.016 -0.256
2.128 -0.776 -1.308
2.406 -0.604 -2.728
2.338 -0.466 -3.843
2.061 -0.178 -3.976
1.545 -0.35 -3.397
1.313 -0.452 -2.342
0.923 -0.536 -1.186
0.71 -0.707 -0.791
0.906 -1.136 -0.66
1.393 -1.462 -0.732
1.443 -1.393 -1.262
1.48 -1.099 -1.886
2.15 -0.644 -2.438
2.099 -0.295 -2.824
1.812 -0.076 -2.783
1.251 0.0 -2.565
0.574 0.069 -2.256
0.077 0.131 -2.307
-0.645 0.264 -2.627
-0.322 0.436 -2.994
0.744 0.659 -4.117
0.928 1.188 -4.817
0.361 1.207 -5.076
-0.295 1.267 -4.37
-0.869 1.373 -3.27
-1.126 1.443 -2.27
-1.789 1.445 -1.112
-1.921 1.955 -0.682