0.0000 0.0000 0.0000
9.103 -1.907 12.297
9.494 -1.613 10.067
8.656 -1.012 8.362
6.575 -0.54 6.957
4.297 -0.512 6.382
3.014 -0.176 6.08
2.739 -0.021 5.256
3.284 -0.303 4.265
4.084 -0.385 2.804
4.546 -0.182 1.386
4.505 -0.268 0.636
4.477 -0.353 0.219
3.909 -0.585 0.24
3.009 -0.595 0.078
2.234 -0.854 0.036
1.933 -1.062 -0.002
2.05 -0.99 -0.493
2.069 -0.908 -1.107
2.336 -0.826 -1.824
2.723 -0.7 -2.512
2.727 -0.742 -2.907
2.247 -0.659 -2.625
1.6 -0.723 -1.871
0.871 -0.831 -1.115
0.586 -1.084 -0.616
0.458 -1.588 0.479
0.662 -1.576 0.164
1.458 -1.547 -0.549
2.114 -1.332 -1.529
2.531 -0.966 -2.057
1.442 -0.249 -2.153
1.91 -0.827 -1.515
3.098 -0.701 -0.717
3.357 -0.942 -1.102
2.737 -0.994 -1.759
2.066 -0.756 -2.66
1.489 -0.707 -3.368
0.789 -0.481 -3.85
0.149 -0.433 -4.267
-0.364 -0.234 -4.219
-0.087 -0.047 -3.952
0.49 -0.249 -3.376
0.743 0.111 -3.064
1.142 0.048 -3.223
0.933 0.224 -3.366
0.504 0.297 -3.159
0.134 0.163 -2.61
0.069 0.225 -2.737
0.226 0.228 -2.843
0.453 0.179 -2.394
0.572 0.015 -1.638
0.351 -0.167 -0.983
0.35 0.03 -0.953
-0.261 0.07 -0.849