0.0000 0.0000 0.0000
8.361 -0.52 8.97
7.698 -0.468 7.78
6.893 -0.292 7.252
6.273 -0.202 6.923
5.818 -0.173 6.36
5.357 -0.044 5.879
4.743 -0.065 5.317
4.243 -0.076 4.32
3.819 -0.042 3.379
3.256 -0.141 2.584
2.904 -0.205 2.188
2.821 -0.15 2.21
2.659 -0.221 2.196
2.497 -0.544 1.873
2.385 -0.593 1.255
2.276 -0.594 0.474
2.272 -0.672 -0.003
2.484 -1.019 -0.382
2.839 -1.425 -0.542
2.917 -1.326 -0.677
2.867 -1.133 -0.834
2.959 -1.08 -1.069
3.008 -0.774 -1.307
3.078 -0.696 -1.573
2.934 -0.773 -1.467
2.546 -0.868 -1.312
2.239 -1.35 -0.801
2.214 -1.724 -0.256
2.595 -1.844 -0.316
2.87 -1.66 -1.172
2.876 -1.339 -2.339
2.39 -1.343 -3.114
1.462 -1.544 -2.785
0.005 -1.726 -1.653
-0.83 -1.605 -0.583
-0.782 -1.401 -0.878
0.054 -1.494 -2.764
1.057 -0.914 -5.177
2.356 -0.038 -6.417
1.905 -0.112 -6.594
0.542 0.355 -6.426
0.454 0.932 -5.232
1.434 0.795 -3.985
2.17 0.311 -3.146
2.289 0.012 -3.177
2.06 -0.108 -3.531
1.69 0.169 -3.773
1.228 -0.235 -3.464
0.416 -0.393 -2.73
-0.254 0.344 -2.026