0.0000 0.0000 0.0000
10.611 -0.683 11.53
9.188 -0.434 9.756
7.821 -0.391 8.823
6.547 -0.317 7.82
5.246 -0.509 6.469
4.084 -0.26 5.323
3.391 0.075 4.42
3.207 0.068 3.46
3.507 -0.111 2.33
4.113 -0.229 1.295
4.451 -0.637 0.916
4.515 -0.875 0.876
3.994 -0.744 0.806
3.707 -0.635 0.527
3.56 -0.597 -0.146
3.497 -0.719 -1.157
3.397 -0.931 -1.894
2.963 -1.053 -1.886
2.347 -0.983 -1.473
1.949 -1.005 -1.403
1.616 -0.982 -2.004
1.334 -0.823 -2.752
1.407 -0.638 -2.951
1.413 -0.6 -3.199
1.332 -0.652 -3.292
1.112 -0.647 -2.679
0.553 -0.944 -1.911
-0.182 -0.875 -1.263
0.0 -0.667 -1.205
0.887 -0.307 -2.292
1.444 -0.216 -3.597
1.972 -0.091 -4.633
1.844 -0.039 -4.446
1.47 -0.164 -3.544
0.469 -0.26 -2.043
-0.137 -0.294 -0.762
-0.554 -0.291 -0.082
-0.042 -0.451 -0.591
0.78 -0.664 -1.885
1.564 -0.538 -3.067
1.58 -0.294 -3.217
0.913 -0.842 -2.645
-0.142 -1.473 -1.855
-0.343 -1.352 -1.109
-0.214 -1.441 -1.541