0.0000 0.0000 0.0000
8.749 -2.881 16.21
8.478 -2.662 14.296
7.544 -2.56 12.866
6.531 -2.579 11.648
5.679 -2.692 10.69
5.206 -2.793 9.483
5.22 -2.824 8.276
5.448 -3.326 6.613
5.73 -3.967 5.081
5.847 -4.252 3.987
6.253 -4.524 2.941
6.378 -4.762 1.872
6.214 -4.88 1.003
6.36 -5.306 0.498
6.663 -5.706 -0.353
6.686 -5.592 -1.093
6.621 -5.688 -1.639
6.286 -5.636 -2.242
5.951 -5.34 -2.923
5.64 -5.081 -3.216
5.516 -4.677 -3.36
5.257 -4.468 -3.558
4.748 -4.193 -3.754
4.127 -3.989 -4.025
3.482 -4.013 -3.95
2.737 -3.973 -3.4
2.058 -4.317 -2.732
1.447 -4.204 -2.459
1.147 -3.853 -2.679
1.05 -3.442 -3.738
0.97 -2.77 -5.036
0.546 -1.708 -5.791
-0.197 -0.521 -6.151
-0.255 -0.132 -5.769
-1.428 0.276 -5.468
-2.224 1.223 -4.861
-1.795 1.144 -4.228
-1.184 1.46 -3.84
-1.411 1.754 -3.533
-1.632 2.423 -3.878
-1.572 3.542 -4.447
-1.363 4.334 -4.967
-1.295 4.59 -5.393
-1.166 5.235 -6.336
-1.032 5.909 -6.84
-0.989 6.37 -7.052
-1.175 6.939 -7.321
-1.454 7.357 -7.416
-1.549 7.69 -6.856
-1.455 8.145 -6.23
-1.387 8.21 -5.487
-1.826 8.38 -4.576
-2.195 8.783 -2.843
-2.001 8.292 -1.464
-1.844 7.558 -0.085
-1.754 6.69 1.267
-1.493 5.418 2.399
-1.128 4.178 3.236
-1.075 2.605 3.99
-1.071 2.594 3.919