0.0000 0.0000 0.0000
8.172 1.126 6.901
7.32 1.099 6.366
6.657 1.274 5.79
6.25 1.051 5.021
5.668 0.946 4.131
4.894 1.231 3.356
4.31 1.237 2.719
3.939 1.122 2.24
3.588 0.898 2.033
3.143 0.678 1.942
2.95 0.464 1.618
3.077 0.262 1.043
3.372 0.503 -0.121
3.182 0.462 -0.867
2.441 0.493 -0.875
2.007 0.461 -0.288
2.039 0.441 -0.112
2.154 0.534 -0.248
2.421 0.584 -0.395
2.834 0.465 -0.968
2.87 0.514 -1.405
2.574 0.514 -1.902
1.808 0.402 -2.41
0.688 0.362 -2.178
-0.035 0.369 -1.598
0.002 0.289 -1.033
0.234 0.303 -0.654
0.521 0.298 -0.519
0.822 0.234 -0.433
0.904 0.193 -0.441
0.77 0.174 -0.432
0.607 0.079 -0.38
0.124 -0.342 -0.402
-0.344 -0.523 -0.086
-0.387 -0.488 0.353
-0.081 -0.163 0.085
0.374 0.128 -0.38
0.681 0.175 -1.1
0.725 0.089 -1.593
0.635 -0.29 -1.382
0.546 -0.726 -0.434
0.431 -0.714 0.919
0.414 -0.565 1.939
0.717 -0.638 1.676
0.973 -0.625 0.448
0.238 0.289 -2.061
0.136 0.321 -2.088
0.011 -0.193 -1.405
-0.826 -0.501 -0.256
-0.7 -0.52 0.708
-0.699 -0.468 1.491
-0.603 -0.593 1.1
-0.215 -0.439 0.482
0.004 -0.309 -0.014
0.141 -0.304 -0.047
0.161 -0.36 0.043
0.016 -0.487 0.358
-0.131 -0.62 0.718
-0.342 -0.678 1.077
-0.239 -0.481 1.082
-0.051 -0.08 0.62
-0.055 0.324 -0.389
-0.196 0.516 -0.988
-0.133 0.481 -0.889
0.155 0.209 -0.283
0.157 -0.121 0.624
-0.099 -0.118 1.277
-0.219 -0.321 1.157
-0.378 -0.324 0.783
-0.357 -0.11 0.274
-0.132 -0.022 -0.451
0.062 0.178 -0.75
0.348 0.108 -0.727
0.512 -0.117 -0.525
0.573 -0.26 -0.309
0.696 -0.665 -0.269
0.402 -0.883 -0.389
-0.137 -1.079 -0.927
-0.313 -1.204 -1.671
0.459 -1.04 -2.167
1.232 -1.126 -2.338