0.0000 0.0000 0.0000
4.259 4.78 11.236
4.496 4.845 10.346
4.685 4.404 9.354
4.802 3.894 8.263
4.856 3.617 7.334
4.44 2.988 6.755
3.806 2.301 6.407
3.029 1.873 5.956
2.519 1.608 4.998
2.414 1.456 4.025
2.62 1.534 3.045
2.694 1.57 2.111
2.942 1.267 1.072
3.208 0.959 0.465
2.956 0.561 0.384
2.583 0.385 0.449
2.35 0.139 0.318
2.081 -0.089 0.148
1.89 -0.201 -0.15
1.77 -0.422 -0.342
1.67 -0.819 -0.394
1.667 -1.091 -0.691
1.664 -1.352 -0.647
1.756 -1.312 -0.919
1.787 -1.181 -1.266
1.497 -1.183 -1.571
1.261 -1.547 -1.508
1.048 -1.798 -1.418
1.004 -1.773 -1.612
0.972 -1.794 -2.046
0.858 -1.899 -2.479
0.763 -1.968 -2.377
0.773 -2.107 -2.493
1.032 -2.094 -2.545
1.342 -2.014 -2.627
1.475 -2.08 -2.821
1.354 -2.38 -3.065
1.218 -2.616 -3.284
1.105 -2.51 -3.576
1.037 -2.328 -3.529
0.985 -1.897 -3.383
1.154 -1.535 -3.518
1.22 -1.476 -3.58
1.296 -1.466 -3.688
1.407 -1.492 -3.81
1.344 -1.463 -3.886
1.27 -1.291 -3.997
1.402 -1.145 -4.571
1.425 -1.09 -4.924
1.024 -0.947 -4.682
0.706 -0.783 -4.3
0.273 -0.722 -3.809
0.16 -0.71 -3.799
0.506 -0.518 -4.85
0.946 -0.165 -5.192
1.757 0.083 -5.931
2.141 0.575 -6.174
2.349 1.026 -6.531
1.804 1.027 -6.033
0.995 1.122 -4.921
0.378 1.363 -3.489
0.383 1.391 -2.77
0.715 1.45 -2.243
0.816 1.822 -2.217
0.45 1.803 -2.124
-0.327 1.442 -1.61