0.0000 0.0000 0.0000
4.431 0.462 10.03
3.928 -0.1 10.639
3.759 -0.168 10.488
3.59 -0.341 10.026
3.369 -0.358 9.29
3.178 -0.434 8.189
2.878 -0.494 6.965
2.736 -0.54 5.682
2.618 -0.649 4.588
2.658 -0.748 3.776
2.987 -1.397 3.226
3.188 -1.508 2.826
3.36 -1.503 2.327
3.826 -1.525 1.155
4.072 -1.786 -0.088
3.812 -1.97 -0.916
3.258 -2.04 -1.496
2.855 -1.888 -2.355
2.897 -2.009 -3.318
2.831 -1.886 -4.055
3.177 -1.438 -4.83
3.221 -1.312 -4.855
3.037 -1.784 -5.206
3.293 -1.692 -4.97
3.111 -1.591 -4.585
3.006 -1.303 -4.824
3.818 -0.888 -5.617
4.556 -0.541 -6.374
4.781 -0.469 -6.944
4.415 -0.19 -7.008
3.81 0.518 -7.195
3.36 0.819 -6.932
3.058 0.781 -6.247
2.839 0.461 -5.416
2.262 0.131 -4.417
1.88 0.169 -3.527
1.787 0.316 -3.011
1.798 0.422 -2.287
1.696 0.509 -1.653
1.492 0.432 -1.505
1.032 0.174 -1.355
0.705 1.389 -2.141