0.0000 0.0000 0.0000
8.568 0.996 7.211
8.142 1.216 5.921
7.302 0.913 5.329
6.27 0.865 5.124
5.566 0.77 4.93
4.716 0.589 4.825
3.882 0.608 4.549
3.098 0.805 3.87
2.719 0.734 3.199
2.464 0.557 2.706
2.373 0.604 2.246
2.394 0.57 1.901
2.439 0.599 1.435
2.592 0.367 0.679
2.513 0.554 0.042
2.434 0.516 -0.383
2.32 0.231 -0.371
2.157 -0.058 0.062
1.907 -0.087 0.504
1.897 -0.138 1.16
2.233 0.004 1.26
2.897 -0.142 0.78
3.211 -0.335 -0.245
3.442 -0.37 -1.436
2.77 -0.316 -2.257
2.079 -0.172 -2.471
1.69 0.008 -2.078
1.443 0.119 -1.215
1.42 0.081 -0.49
1.51 -0.055 -0.277
2.204 -0.446 -0.922
2.63 -0.703 -2.062
2.35 -0.702 -2.485
1.675 -0.675 -2.667
0.775 -0.573 -2.151
0.241 -0.188 -1.194
0.156 -0.091 -0.463
0.365 -0.186 -0.451
1.035 -0.4 -1.009
1.371 -0.437 -1.779
1.26 -0.376 -2.411
1.013 -0.313 -2.489
0.403 -0.35 -2.145
-0.128 -0.332 -1.336
-0.322 -0.239 -0.245
-0.376 -0.249 0.226
-0.407 -0.224 0.497
-0.289 -0.038 0.223
0.058 -0.215 -0.893
0.354 -0.176 -2.071
0.069 -0.064 -2.76
-0.342 0.131 -2.587
-0.834 0.342 -1.717
-1.009 0.42 -0.907
-0.822 0.352 -0.325
-0.636 0.248 -0.155
-0.107 0.249 -0.88
0.127 0.362 -1.939
0.088 0.463 -2.9
0.01 0.667 -3.48
-0.171 0.609 -3.52
-0.714 0.669 -3.082
-0.953 0.817 -2.601
-0.987 0.761 -2.194
-1.215 0.392 -1.466
-1.809 -0.198 -0.984
-2.076 0.105 -1.885