0.0000 0.0000 0.0000
5.905 2.056 8.754
5.452 1.67 7.853
5.166 1.598 7.085
5.02 1.498 6.6
4.733 1.133 6.216
4.622 0.787 6.086
4.685 0.639 5.787
4.346 0.385 5.398
3.713 0.45 4.85
2.773 0.5 4.132
2.228 0.683 3.331
1.919 0.666 2.756
1.719 0.608 2.412
1.616 0.539 2.102
1.747 0.252 1.917
2.245 0.02 1.467
2.46 -0.188 1.182
2.653 -0.367 0.926
2.534 -0.494 0.833
2.195 -0.617 0.793
2.027 -0.849 0.541
2.074 -0.867 0.177
2.22 -0.892 -0.098
2.369 -1.001 -0.545
2.502 -1.186 -0.922
2.907 -1.498 -0.89
2.797 -1.486 -0.827
2.552 -1.51 -0.709
2.34 -1.669 -0.595
2.287 -1.959 -0.708
2.101 -1.901 -1.06
1.813 -1.754 -1.41
1.658 -1.751 -1.605
1.708 -1.826 -1.807
1.976 -1.634 -2.109
2.27 -1.643 -2.363
2.491 -1.548 -2.377
2.673 -1.29 -2.355
2.647 -1.204 -2.179
2.451 -1.325 -2.099
2.085 -1.227 -2.234
1.308 -1.371 -2.511
0.625 -1.38 -2.682
0.261 -1.251 -2.655
0.114 -1.083 -2.7
0.206 -1.061 -2.705
0.453 -0.877 -2.676
0.761 -0.694 -2.564
1.366 -0.59 -2.385
1.384 -0.462 -2.267
1.358 -0.209 -2.532
1.343 -0.266 -2.658
1.32 -0.187 -2.969
1.205 -0.229 -3.474
0.981 -0.189 -3.652
0.857 -0.239 -3.537
0.729 0.069 -3.752
0.69 0.217 -3.894
0.785 -0.175 -3.754
0.241 0.678 -3.396
0.174 1.032 -3.798
0.061 0.515 -4.116