0.0000 0.0000 0.0000
6.224 -0.192 7.392
6.282 -0.535 6.412
6.326 -0.55 5.184
6.03 -0.357 4.106
5.375 -0.408 3.85
4.519 -0.625 4.301
3.868 -0.597 4.888
3.826 -0.632 5.192
3.814 -0.845 4.914
3.7 -1.191 4.457
3.623 -1.331 4.218
3.795 -1.154 3.4
3.743 -1.091 2.612
3.403 -1.042 2.195
3.054 -0.998 1.795
2.999 -0.941 1.512
3.38 -1.028 1.49
3.559 -1.192 0.953
3.324 -1.366 0.461
3.379 -1.755 0.243
3.188 -2.097 0.046
3.205 -1.991 -0.07
3.229 -1.929 0.057
3.035 -1.779 -0.025
2.637 -1.55 -0.471
2.468 -1.334 -1.372
2.445 -1.322 -2.364
2.468 -1.215 -3.188
2.48 -1.154 -3.8
2.464 -1.185 -3.876
2.192 -1.273 -3.661
1.835 -1.336 -2.726
1.746 -1.521 -2.238
1.675 -1.576 -2.221
1.352 -1.34 -2.93
0.915 -0.931 -3.817
1.065 -0.484 -4.487
1.071 -0.263 -4.952
0.808 -0.039 -4.733
0.555 0.249 -4.604
0.655 0.646 -4.083
0.891 0.926 -4.485
0.698 1.213 -4.649
-0.008 1.514 -4.347
-0.499 1.543 -4.059
-0.751 1.587 -3.894
-1.037 1.592 -3.91
-1.27 1.881 -3.674
-1.341 2.089 -3.014
-1.267 2.018 -2.678
-1.321 1.799 -2.798
-1.724 1.688 -2.63
-1.999 1.752 -2.143
-2.153 1.835 -1.265
-1.877 2.324 -1.009
-1.681 1.704 -1.08
-1.995 1.628 -0.766