0.0000 0.0000 0.0000
9.318 1.513 5.531
8.438 1.121 5.34
7.215 0.862 4.84
6.062 0.491 4.709
5.129 0.459 4.833
4.555 0.345 4.574
4.272 0.232 4.203
4.0 0.166 3.817
3.678 0.175 3.556
3.146 0.218 3.191
2.607 0.317 2.674
2.424 0.259 2.243
2.138 0.302 1.475
1.959 0.436 0.656
1.884 0.349 0.443
1.79 0.366 0.356
1.37 0.441 0.389
1.043 0.268 0.574
0.766 0.301 0.655
0.664 0.254 0.305
0.546 0.065 -0.19
0.707 0.118 -0.516
1.119 0.201 -0.723
1.274 0.129 -0.659
1.241 0.099 -0.593
1.16 0.227 -0.835
1.104 0.282 -1.01
1.046 0.116 -1.245
0.734 -0.084 -1.198
0.299 -0.162 -1.035
0.053 -0.327 -1.027
0.238 -0.346 -0.743
0.826 -0.216 -0.47
1.777 -0.195 -0.578
2.341 -0.27 -1.176
2.124 -0.027 -1.592
1.041 0.035 -1.39
-0.2 -0.183 -1.061
-1.292 -0.225 -0.585
-1.878 0.115 -0.026
-0.923 0.147 0.036
0.384 -0.074 -0.346
1.552 0.027 -1.018
2.138 0.163 -1.399
1.933 0.163 -1.759
1.3 0.035 -1.678
0.773 0.109 -1.036
0.782 0.115 -0.346
0.85 -0.335 0.679
0.696 -0.456 1.266
0.472 -0.454 1.355
0.329 -0.529 0.823
0.322 -0.321 -0.138
0.394 -0.211 -1.012
0.32 -0.147 -1.255
0.02 0.117 -1.043
-0.256 0.148 -0.62
-0.308 -0.262 -0.084
-0.148 -0.589 0.156
0.21 -0.677 -0.134
0.819 -0.799 -0.69
1.004 -0.598 -1.103
0.843 -0.254 -1.269
0.311 0.021 -1.409
-0.142 0.329 -1.389
-0.403 0.313 -1.121
-0.768 -0.183 -0.767
-0.984 -0.509 -0.552
-0.877 -0.631 -0.109
-0.591 -0.576 0.073
-0.084 -0.691 -0.028
0.122 -0.898 -0.163
0.135 -0.997 -0.69
0.251 -0.932 -0.897
0.467 -1.02 -1.005
0.515 -1.28 -1.025
0.326 -1.178 -0.94
0.129 -1.051 -0.88
0.004 -1.084 -0.775
0.021 -1.01 -0.577
0.536 -0.797 -0.812