0.0000 0.0000 0.0000
6.75 -0.123 11.512
5.221 -0.016 10.645
4.251 -0.109 10.443
3.765 -0.383 10.364
3.759 -0.767 9.75
4.297 -1.069 8.663
4.445 -1.436 7.314
4.888 -1.482 5.47
5.201 -1.282 3.777
5.37 -0.844 1.891
5.187 -0.492 0.254
4.78 -0.288 -0.409
4.44 -0.233 -0.273
4.47 -0.434 0.159
4.497 -0.752 -0.063
4.892 -0.97 -0.764
5.23 -0.864 -1.549
5.293 -0.864 -2.859
4.79 -0.769 -3.823
4.345 -0.571 -4.294
3.876 -0.471 -4.209
3.264 -0.441 -3.84
2.576 -0.406 -3.732
1.853 -0.356 -3.979
1.486 -0.338 -3.995
1.226 -0.399 -3.888
1.008 -0.471 -3.344
1.175 -0.536 -3.087
1.79 -0.534 -3.098
2.059 -0.541 -3.038
1.862 -0.323 -3.113
1.4 -0.222 -3.44
0.613 -0.036 -3.751
0.371 0.113 -3.841
0.265 0.369 -3.681
0.273 0.401 -3.39
0.409 0.258 -3.206
1.135 0.421 -3.144
1.254 0.284 -3.33
1.112 0.178 -3.471
0.569 0.04 -2.986
0.168 0.949 -2.842