0.0000 0.0000 0.0000
6.844 0.212 1.118
6.169 0.044 1.807
5.845 -0.416 2.213
5.855 -0.823 3.543
5.64 -1.042 5.335
5.705 -1.403 6.818
5.936 -1.633 8.093
5.584 -1.608 7.749
5.034 -1.602 6.931
4.565 -2.131 6.479
4.186 -2.815 6.658
3.819 -3.18 7.691
4.023 -3.603 7.723
4.147 -4.225 7.313
4.387 -4.992 6.435
4.534 -5.027 5.093
5.589 -4.955 2.998
6.97 -5.132 0.388
7.841 -5.705 -2.089
7.652 -5.72 -3.44
6.999 -5.252 -4.208
6.212 -4.907 -4.709
6.108 -4.813 -5.609
6.127 -5.047 -7.539
5.85 -4.43 -10.474
5.791 -3.47 -13.279
5.238 -2.356 -15.985
4.24 -0.793 -17.265
3.057 0.906 -16.039
2.295 2.211 -14.34
1.522 3.68 -11.725
1.292 4.156 -9.475
0.344 4.844 -7.881
-0.724 5.566 -7.274
-0.893 5.82 -7.107
-1.407 5.824 -6.163
-1.904 5.638 -4.495
-2.23 5.264 -3.322
-2.68 5.28 -1.99
-3.713 5.071 -0.67
-4.238 5.417 -0.155
-4.237 5.479 -0.346
-3.684 5.612 -0.32
-2.979 5.335 -0.417
-2.526 4.715 -0.229
-1.748 4.037 0.344
-1.193 3.03 1.094
-1.359 2.227 1.967
-1.8 1.84 3.279
-2.154 1.492 4.589
-2.31 1.55 5.035