0.0000 0.0000 0.0000
3.836 3.591 9.745
4.185 3.43 8.176
4.379 3.345 7.117
4.113 3.011 6.638
3.857 2.606 6.198
3.514 2.233 5.509
3.051 1.803 5.045
2.694 1.528 4.6
2.287 1.289 4.089
2.161 1.126 3.395
2.212 0.961 2.625
2.456 0.753 1.94
2.65 0.574 1.496
2.497 0.31 1.122
2.135 0.063 0.743
1.758 -0.201 0.841
1.341 -0.344 1.179
1.241 -0.439 1.277
1.436 -0.524 0.847
1.637 -0.472 0.176
1.706 -0.433 -0.289
1.708 -0.407 -0.363
1.425 -0.341 -0.18
1.369 -0.582 0.087
1.206 -1.067 0.725
1.025 -1.288 1.178
1.008 -1.409 0.784
0.821 -1.544 -0.121
0.765 -1.476 -0.988
0.74 -1.492 -1.992
0.666 -1.463 -2.439
0.936 -1.343 -2.471
1.428 -1.303 -2.388
1.949 -1.285 -2.502
1.995 -1.105 -2.433
1.916 -1.003 -2.181
2.242 -0.868 -2.334
2.578 -1.057 -2.953
2.725 -0.865 -3.33
2.763 -0.727 -3.583
2.478 -1.007 -3.914
2.058 -0.562 -3.747
2.016 -0.273 -3.476
1.917 -0.202 -3.482
1.726 -0.105 -3.426
1.553 -0.085 -3.394
1.363 0.008 -3.417
1.235 0.059 -3.514
1.138 -0.084 -3.715
1.033 -0.093 -4.11
0.955 0.071 -4.458
1.049 0.107 -4.486
1.16 0.217 -4.778
1.311 0.626 -5.033
1.076 0.882 -5.271
0.65 1.415 -5.071
0.567 1.583 -4.754
0.511 1.494 -4.58
0.408 1.517 -4.191
0.169 2.193 -3.427
0.135 2.904 -3.17