0.0000 0.0000 0.0000
8.215 -0.632 8.194
7.548 -0.62 7.564
6.371 -0.041 6.894
5.898 -0.14 6.23
5.894 -0.583 5.306
5.805 -0.464 4.137
5.388 -0.504 3.241
4.944 -0.6 2.736
4.553 -0.583 2.117
4.322 -0.49 1.776
4.165 -0.458 1.633
4.205 -0.645 1.297
4.138 -0.908 0.926
3.845 -1.231 0.911
3.504 -1.082 0.449
3.326 -1.077 -0.12
3.26 -1.047 -0.565
2.934 -0.96 -0.655
2.356 -0.82 -0.555
2.077 -0.687 -0.577
1.982 -0.678 -0.657
2.094 -0.757 -0.893
1.979 -0.819 -1.157
1.695 -0.694 -1.61
1.405 -0.987 -1.854
1.316 -1.095 -1.548
1.477 -0.951 -0.928
1.717 -0.993 -0.318
1.701 -0.791 -0.372
1.72 -0.712 -0.912
1.652 -0.778 -1.631
1.4 -0.502 -2.278
1.088 -0.555 -2.464
0.936 -0.836 -1.356
1.023 -1.028 0.011
1.429 -0.796 1.208
1.64 -0.294 0.855
1.545 -0.006 -0.945
1.183 0.485 -2.936
0.927 0.816 -4.384
1.101 1.113 -5.049
1.077 1.217 -4.914
0.694 1.096 -3.819
-0.374 0.934 -2.808
-1.251 1.099 -2.252
-1.418 0.989 -1.863
-1.466 0.623 -2.116
-1.397 0.32 -2.249
-1.309 0.141 -2.472
-1.402 0.575 -2.639
-1.589 0.897 -2.763
-1.267 1.022 -2.685
-0.804 1.075 -2.58
-0.904 0.709 -1.865
-1.081 2.31 -1.118