0.0000 0.0000 0.0000
6.853 -0.14 5.85
5.582 -0.075 6.333
4.187 -0.222 7.191
2.398 -0.657 8.385
1.736 -0.815 6.883
2.39 -0.915 5.824
2.142 -0.358 4.966
2.66 -0.641 5.081
2.662 -0.904 5.573
2.059 -1.133 5.627
1.698 -1.037 5.323
1.873 -0.726 4.498
2.453 -0.757 3.315
2.888 -0.621 1.82
2.987 -0.334 0.483
3.352 -0.241 -0.478
3.172 -0.13 -0.792
2.803 -0.057 -0.816
2.152 -0.18 -0.7
1.454 -0.516 -0.656
1.162 -0.585 -0.513
1.253 -0.612 -0.453
1.998 -0.456 -0.631
2.927 -0.29 -1.327
3.927 -0.382 -1.935
4.431 -0.585 -2.535
4.755 -0.724 -2.798
4.124 -0.686 -2.691
3.1 -0.592 -2.344
2.755 -0.533 -1.903
3.005 -0.557 -1.643
3.67 -0.501 -1.574
4.165 -0.468 -1.666
4.481 -0.542 -2.077
4.757 -0.858 -2.499
4.445 -0.738 -3.136
3.733 -0.621 -3.762
2.92 -0.274 -3.817
2.171 -0.083 -3.763
1.515 0.002 -3.792
1.182 -0.032 -3.895
0.9 -0.037 -4.031
0.87 0.0 -4.007
0.938 0.069 -4.218
1.146 0.208 -4.71
1.428 -0.061 -4.558
0.975 0.444 -3.982
0.438 1.365 -4.169