0.0000 0.0000 0.0000
8.81 1.91 8.496
7.989 1.581 7.991
7.207 1.199 7.424
6.245 0.665 6.975
5.336 0.59 6.191
5.009 0.677 5.167
4.948 0.946 4.055
4.841 0.748 3.124
4.736 0.69 2.32
4.676 0.561 1.83
4.691 0.194 1.595
4.343 0.037 1.41
3.917 -0.173 1.191
3.396 -0.552 1.098
2.901 -0.755 1.065
2.68 -0.947 0.838
2.524 -1.085 0.625
2.168 -1.131 0.381
1.813 -1.26 0.042
1.942 -1.444 -0.582
1.998 -1.817 -1.472
2.229 -2.135 -2.497
2.739 -2.102 -3.419
2.87 -2.306 -3.931
2.884 -2.523 -3.572
2.536 -2.512 -2.905
2.222 -2.433 -2.562
1.948 -2.44 -2.392
1.71 -2.351 -2.903
1.547 -2.012 -3.345
1.212 -1.647 -3.924
1.004 -1.327 -4.6
0.904 -0.962 -5.201
0.848 -0.555 -5.499
1.004 -0.862 -5.216
0.844 -0.534 -5.108
0.604 -0.653 -4.434
0.475 -0.7 -3.921
0.367 -0.733 -3.331
0.183 -0.746 -3.179
0.191 -0.49 -4.162
0.189 -0.415 -4.849
0.049 -0.279 -4.795
-0.42 -0.191 -4.212
-0.723 -0.12 -3.464
-0.668 -0.289 -2.203
-0.428 -0.26 -1.319
0.001 -0.044 -1.705
0.441 0.011 -2.474
0.397 0.553 -3.39
-0.254 0.584 -3.852
-0.548 1.697 -4.424