0.0000 0.0000 0.0000
6.198 3.263 6.513
4.992 3.394 8.784
4.872 2.856 9.207
4.411 1.898 10.079
4.038 1.105 9.95
3.859 0.934 8.696
3.309 0.797 7.551
2.952 0.752 6.761
2.752 0.556 6.818
2.683 0.113 6.705
1.872 -0.423 7.146
1.176 -0.976 6.888
0.731 -1.18 6.044
0.822 -0.657 4.354
1.239 -0.35 2.608
1.994 -0.246 0.606
2.407 -0.212 -0.746
2.545 -0.441 -1.844
1.92 -0.88 -2.039
1.202 -1.024 -1.499
0.306 -1.094 -1.383
0.577 -1.459 -1.883
1.209 -1.744 -2.685
2.398 -1.811 -3.58
3.624 -1.397 -4.955
3.434 -1.395 -5.597
2.573 -1.661 -5.089
2.074 -1.641 -4.39
1.988 -1.115 -3.788
2.495 -0.572 -3.84
3.116 -1.032 -3.835
3.572 -1.42 -4.098
4.094 -1.252 -5.515
3.727 -0.619 -6.886
3.113 -0.074 -7.387
2.733 -0.066 -7.087
2.641 0.0 -6.534
2.695 -0.12 -5.88
3.064 -0.074 -5.973
2.99 0.157 -7.039
2.605 0.607 -7.576
1.784 0.934 -7.982
1.002 0.866 -8.494
-0.166 1.21 -8.196
-0.778 1.917 -7.592
-1.338 2.372 -6.566
-1.446 2.376 -5.642
-1.198 2.888 -5.517
-0.871 2.832 -5.129
-0.715 3.729 -4.203