0.0000 0.0000 0.0000
4.905 -0.571 10.849
5.751 -0.954 11.031
5.425 -0.815 11.203
4.71 -0.647 10.85
3.791 -0.393 10.454
3.481 -0.483 9.745
3.796 -0.616 9.072
3.805 -0.804 8.492
4.131 -0.965 8.031
4.028 -1.015 7.383
3.806 -0.827 6.395
3.572 -0.425 5.376
3.318 -0.081 4.192
3.374 -0.004 3.255
3.502 -0.021 2.844
3.092 -0.114 2.266
2.593 -0.352 0.738
2.247 -0.687 -0.929
2.066 -0.817 -1.543
1.868 -0.933 -1.44
2.172 -0.926 -1.064
3.118 -1.333 -0.466
4.392 -1.924 0.623
4.97 -1.956 0.457
4.654 -2.191 -0.932
4.223 -2.032 -2.529
3.335 -1.993 -3.974
1.666 -1.836 -4.817
0.448 -1.299 -5.404
-0.329 -0.79 -5.855
-0.106 -0.728 -6.502
0.653 -0.966 -6.36
1.389 -1.3 -5.052
3.173 -1.566 -3.547
4.579 -2.332 -2.951
4.5 -2.332 -3.104
3.369 -1.676 -3.81
1.774 -1.12 -4.765
0.752 -0.491 -5.547
0.625 -0.046 -6.311
1.321 0.355 -6.783
1.878 0.31 -6.527
2.716 0.176 -4.788
3.496 -0.289 -3.025
3.439 -0.536 -2.361
2.078 -0.224 -2.573
0.578 0.134 -3.324
-0.091 0.241 -4.75
-0.315 0.545 -6.61
-0.525 0.999 -7.647
-0.851 1.33 -7.831
-0.783 1.498 -7.453
-0.438 1.624 -7.164
-1.058 2.341 -6.672
-2.15 2.926 -6.229
-2.969 3.116 -5.735
-3.207 3.511 -5.351
-2.972 3.384 -5.618
-2.459 3.364 -5.194
-2.075 3.071 -4.605
-1.859 3.074 -3.343
-1.906 2.991 -1.518
-1.689 2.588 -0.771