0.0000 0.0000 0.0000
7.241 2.1 7.582
6.672 1.855 6.488
6.341 1.695 5.675
6.043 1.543 5.013
5.792 1.234 4.529
5.514 0.964 4.274
5.127 0.867 4.174
4.795 0.574 3.86
4.402 0.275 3.664
4.03 0.032 3.53
3.731 -0.177 3.289
3.495 -0.228 2.624
3.267 -0.387 1.948
2.966 -0.684 1.477
2.635 -0.857 1.166
2.449 -0.918 0.954
2.307 -1.171 0.609
1.982 -1.467 0.375
1.732 -1.484 0.105
1.679 -1.646 -0.327
1.735 -1.99 -0.768
2.096 -2.049 -1.217
2.317 -1.948 -1.664
2.232 -2.029 -1.722
2.293 -2.291 -1.843
2.133 -2.166 -2.287
2.092 -2.087 -2.671
1.986 -2.197 -3.274
1.589 -1.857 -3.852
1.861 -1.533 -3.794
2.175 -1.25 -3.94
2.543 -1.013 -3.891
2.668 -0.843 -3.709
2.436 -1.009 -3.183
1.934 -1.313 -2.606
1.102 -1.492 -2.664
0.863 -1.368 -3.147
1.121 -1.171 -3.643
1.509 -0.873 -4.727
1.591 -0.682 -5.116
1.544 -0.588 -5.328
1.355 -0.624 -4.968
1.099 -0.932 -4.204
0.385 -0.261 -2.783