0.0000 0.0000 0.0000
6.646 -0.433 10.237
6.369 -0.39 8.334
6.129 -0.256 6.966
5.576 -0.05 6.899
4.803 0.067 7.286
4.056 -0.034 7.368
3.547 -0.091 7.269
3.097 -0.047 7.266
2.71 0.189 7.177
2.499 0.36 6.089
2.49 0.272 4.316
2.965 0.271 2.928
2.858 0.149 1.687
2.435 0.082 1.13
2.07 -0.106 0.94
1.932 -0.225 1.095
1.903 -0.538 1.158
1.79 -0.984 1.327
1.706 -1.42 1.496
1.776 -1.718 1.691
2.021 -1.891 0.962
2.112 -1.891 -0.047
2.263 -2.047 -0.603
2.062 -2.178 -0.741
1.951 -2.305 -0.744
2.169 -2.566 -0.963
2.607 -2.844 -1.091
2.614 -3.18 -1.025
2.352 -3.241 -0.75
2.212 -2.9 -0.597
2.241 -2.627 -0.804
2.542 -2.769 -1.345
2.486 -2.716 -1.796
2.108 -2.703 -2.116
1.665 -2.562 -2.37
1.748 -2.418 -2.555
2.09 -2.305 -2.739
2.235 -2.101 -2.474
2.709 -1.804 -2.071
3.309 -1.753 -2.252
3.909 -2.052 -3.061
3.802 -2.14 -3.841
3.181 -2.176 -4.095
2.208 -1.906 -4.064
1.711 -1.466 -3.908
1.738 -1.224 -3.646
2.167 -0.998 -3.937
2.364 -0.864 -4.638
2.361 -0.571 -5.268
2.736 -0.264 -5.69
2.204 0.012 -6.164
1.967 0.321 -6.237
1.977 1.082 -6.044
2.184 1.982 -5.026
2.405 2.18 -4.816
2.251 2.143 -5.619
1.19 2.541 -6.281
-0.144 2.7 -7.273
-1.603 3.266 -8.235
-2.572 3.422 -8.584
-3.418 3.899 -8.156
-3.533 4.293 -6.763
-3.429 4.114 -4.837
-3.095 3.97 -2.517
-2.587 3.659 -0.697
-2.294 3.482 1.018
-2.082 3.35 2.356
-1.882 2.911 2.896
-1.651 2.318 2.968
-1.468 1.552 3.059