0.0000 0.0000 0.0000
8.801 0.764 6.78
7.559 0.653 6.447
6.329 0.579 6.052
5.386 0.521 5.404
4.554 0.46 4.682
4.124 0.492 3.904
3.807 0.58 3.074
3.624 0.574 2.198
3.451 0.654 1.711
3.167 0.692 1.565
2.902 0.52 1.555
2.56 0.399 1.701
2.286 0.333 1.979
2.092 0.248 1.945
1.909 0.128 1.664
1.657 0.029 1.42
1.5 -0.033 0.994
1.411 0.073 0.446
1.313 0.039 0.177
1.371 -0.05 0.177
1.742 0.153 0.469
1.982 0.111 0.302
1.809 -0.244 -0.081
1.335 -0.4 -0.357
0.926 -0.326 -0.554
0.601 -0.267 -0.637
0.644 -0.206 -0.487
0.976 -0.004 -0.369
1.43 0.047 -0.651
1.752 0.042 -1.206
1.93 -0.168 -1.611
1.918 -0.461 -1.743
1.39 -0.45 -1.328
0.751 -0.353 -0.678
0.133 -0.43 -0.325
-0.241 -0.49 -0.06
-0.217 -0.432 -0.407
0.166 -0.346 -1.229
0.477 -0.208 -1.864
0.463 -0.075 -1.859
0.563 -0.05 -1.716
1.05 -0.261 -1.639
1.747 -0.519 -1.777
1.753 -0.7 -1.659
1.715 -0.725 -1.536
1.415 -0.54 -1.736
1.135 -0.193 -1.657
0.565 0.024 -1.285
-0.275 0.254 -0.941
-0.773 0.117 -0.467
-0.739 -0.049 -0.059
-0.277 -0.165 0.438
0.215 -0.536 0.747
0.823 -0.845 0.379
0.964 -0.708 -0.226
0.515 -0.569 -0.385
-0.001 -0.15 -0.51
-0.208 -0.083 -0.209
-0.472 -0.109 0.035
-0.562 -0.158 0.281
-0.446 -0.375 0.124
-0.332 -0.441 0.0
-0.29 -0.19 -0.448
-0.054 -0.137 -0.972
0.157 -0.183 -1.323
0.176 -0.191 -1.406
0.081 -0.034 -1.093
-0.09 0.012 -0.38
-0.409 -0.221 0.148
-0.644 -0.725 0.28
-0.881 -0.825 0.243
-0.81 -1.147 -0.271