0.0000 0.0000 0.0000
6.56 1.057 4.427
6.24 0.968 3.631
5.814 1.182 2.415
5.388 1.331 1.742
4.927 1.422 1.473
4.684 1.314 1.679
4.078 1.191 1.951
3.773 1.003 1.79
3.87 0.782 1.146
3.733 0.652 0.729
3.368 0.707 0.82
3.066 0.619 0.85
3.0 0.635 0.912
3.071 0.752 0.777
3.41 0.712 0.579
3.371 0.58 0.09
3.12 0.513 -0.177
2.816 0.471 -0.331
2.474 0.484 -0.583
2.192 0.47 -0.869
1.982 0.406 -1.084
1.818 0.391 -1.174
1.671 0.352 -0.884
1.538 0.239 -0.494
1.384 0.198 -0.031
1.168 0.247 0.239
1.163 0.326 0.284
1.262 0.172 0.264
1.3 0.086 0.031
1.256 0.103 -0.351
1.01 0.084 -0.772
0.452 0.067 -0.928
-0.075 0.069 -0.585
-0.404 0.157 0.309
-0.268 0.21 0.674
0.378 0.189 0.814
0.995 0.075 0.715
0.999 0.05 0.462
0.33 0.002 0.416
-0.512 -0.264 0.495
-1.53 -0.539 1.092
-1.79 -0.408 1.776
-1.103 -0.565 2.107
-0.001 -0.5 1.698
0.757 -0.45 0.873
0.853 -0.491 0.199
0.475 -0.468 -0.035
-0.115 -0.602 -0.049
-0.784 -0.818 0.222
-1.197 -0.4 1.019
-1.12 -0.084 1.762
-0.517 -0.437 2.24
-0.146 -0.549 2.163
0.023 -0.425 1.326
0.02 -0.374 0.4
-0.334 -0.371 -0.57
-0.878 -0.204 -0.918
-1.04 -0.227 -0.404
-1.031 -0.23 0.472
-0.868 -0.345 1.192
-0.324 -0.302 0.952
0.604 -0.22 0.271
1.319 -0.327 -0.35
1.23 -0.674 -0.634
0.762 -0.796 -0.148
0.083 -0.785 0.538
-0.252 -0.741 1.139
-0.468 -0.555 1.129
-0.421 -0.077 0.835
0.172 0.344 -0.23
0.525 0.594 -1.647
0.55 0.81 -2.266
0.624 0.315 -2.014
0.76 0.034 -1.2
0.693 0.065 -0.322
0.511 -0.199 0.347
0.176 -0.248 0.812
-0.117 -0.31 0.8
-0.226 -0.244 0.66
-0.031 -0.263 0.283
0.213 -0.607 0.022
0.984 -0.719 -0.634
1.972 -0.724 -1.226
2.8 -0.781 -1.301
2.667 -0.893 -1.102
1.969 -0.864 -0.837
0.893 -0.467 -0.65
0.502 -0.265 -0.619
-0.228 -0.256 -0.686
-0.86 -0.221 -0.695
-1.248 -0.38 -0.608
-1.123 -0.592 -0.539
-0.571 -0.455 -0.83
0.054 -0.315 -1.729
0.134 -0.12 -2.315
0.009 0.047 -2.299
-0.12 0.257 -1.974
-0.151 0.335 -1.337
-0.102 0.051 -0.634
-0.135 -0.16 -0.028
-0.233 -0.273 -0.06
-0.158 -0.625 -0.812
-0.211 -0.605 -1.429
-0.224 -0.528 -2.191
0.021 -0.656 -2.894
0.571 -0.84 -2.967
1.143 -0.842 -2.997
0.977 -0.749 -3.31
0.913 -0.795 -3.289
0.96 -0.957 -3.089
0.864 -0.896 -2.677
0.562 -0.392 -2.288
-0.191 -0.525 -1.844
-0.776 0.664 -1.444
-0.991 0.287 -1.394