0.0000 0.0000 0.0000
6.707 0.178 14.408
6.148 0.211 12.735
5.576 0.173 11.022
5.062 0.164 9.273
4.581 0.062 8.009
4.114 -0.038 7.208
3.686 -0.198 6.781
3.369 -0.437 6.551
3.446 -0.816 6.102
3.704 -0.967 5.208
3.791 -1.103 3.825
3.541 -1.087 2.546
3.023 -1.09 1.809
2.453 -1.188 1.378
2.113 -1.328 0.947
1.841 -1.324 0.775
1.778 -1.364 0.439
2.057 -1.9 -0.053
2.575 -1.96 -0.659
3.214 -2.204 -1.222
3.582 -2.354 -1.772
3.603 -2.411 -1.992
3.837 -2.636 -2.258
3.876 -2.846 -2.472
3.523 -2.898 -2.69
3.05 -2.884 -2.748
2.779 -2.983 -2.672
2.829 -2.986 -2.525
3.123 -2.817 -2.445
3.225 -2.578 -2.424
3.385 -2.389 -2.415
3.443 -2.211 -2.242
3.469 -2.059 -2.009
3.277 -2.12 -1.782
2.915 -1.96 -1.647
2.563 -1.824 -1.862
2.134 -1.495 -2.348
1.774 -1.319 -2.906
1.468 -1.127 -3.081
1.217 -0.894 -2.876
0.785 -0.735 -2.528
0.336 -0.645 -2.189
0.018 -0.546 -1.849
-0.25 -0.422 -1.69
-0.113 -0.371 -1.754
-0.007 -0.274 -1.837
0.053 -0.1 -2.308
-0.08 0.271 -2.689
-0.555 0.632 -2.67
-1.094 1.069 -2.602
-1.803 1.781 -2.203
-2.011 1.99 -1.474
-2.068 2.007 -0.689
-1.887 2.047 -0.396
-1.578 1.937 -0.563
-1.222 2.011 -1.274
-1.005 2.353 -2.155
-0.861 2.419 -2.758
-0.887 2.574 -2.681
-1.152 2.437 -1.964
-1.666 2.607 -1.061
-1.844 2.553 -0.507
-2.004 2.401 -0.223
-1.83 2.299 -0.33
-1.043 2.448 -1.297
-0.258 2.557 -2.693
0.301 2.68 -3.38
1.159 2.645 -3.335
1.483 2.811 -2.631
1.308 2.806 -1.782
0.824 2.775 -1.405
0.018 2.782 -1.17
-0.285 2.9 -1.036
-0.377 2.705 -1.147
-0.718 2.443 -1.584
-1.086 2.25 -2.055
-1.408 2.155 -2.272
-1.733 2.379 -2.269