0.0000 0.0000 0.0000
8.741 1.117 5.462
7.668 1.117 5.243
6.548 1.307 4.969
6.031 1.176 4.67
5.936 1.222 3.694
6.153 1.048 2.903
6.055 0.487 2.414
5.449 0.335 1.931
4.482 0.344 1.643
3.603 0.275 1.832
3.113 0.489 1.804
3.25 0.5 1.555
3.752 0.114 0.787
3.894 0.068 -0.273
3.66 -0.377 -1.254
3.242 -0.443 -1.465
2.797 0.29 -1.111
2.397 0.114 -0.13
2.166 0.336 -0.263
2.018 0.699 -1.125
2.282 0.448 -2.607
3.277 0.144 -4.251
3.725 -0.033 -5.386
2.767 -0.392 -5.416
1.119 -0.413 -3.538
-0.121 -0.216 -0.694
-1.057 -0.039 2.271
-0.779 -0.251 4.078
0.307 -0.7 3.11
1.026 -0.768 0.256
1.82 -0.691 -1.846
1.896 -0.475 -2.687
1.112 0.252 -1.918
0.328 0.632 -0.494
0.252 0.319 0.641
0.236 0.313 0.982
0.462 -0.14 0.771
0.364 -0.436 -0.201
0.0 -0.324 -0.793
-0.551 -0.472 -0.369
-1.185 0.014 1.21
-1.377 -0.09 2.408
-1.351 -0.228 2.244
-1.009 -0.015 0.822
-0.581 0.063 -1.285
-0.169 0.074 -2.88
-0.273 0.204 -3.42
-0.478 0.52 -2.526
-0.62 0.718 -0.774
-0.584 0.379 0.785
-0.275 0.306 0.939
0.398 0.112 -0.214
0.66 0.092 -1.571
0.619 0.385 -2.836
0.54 0.63 -3.69
0.184 0.654 -3.873
-0.462 0.743 -3.46
-1.511 0.203 -2.597
-2.015 1.045 -2.44