0.0000 0.0000 0.0000
6.888 2.651 11.305
6.113 2.343 10.399
5.458 2.247 9.144
4.861 2.22 8.005
4.392 2.145 6.98
4.065 1.835 6.11
3.83 1.738 4.973
4.008 1.702 3.571
3.633 1.437 3.015
2.812 1.267 3.084
2.488 1.063 2.785
2.618 0.939 2.075
2.744 1.052 1.083
2.599 0.809 0.535
2.244 0.521 0.611
1.779 0.4 0.851
1.532 0.205 0.654
1.439 -0.082 0.08
1.286 -0.22 -0.418
1.054 -0.31 -0.437
1.173 -0.322 -0.419
1.383 -0.324 -0.489
1.331 -0.507 -0.612
1.051 -0.56 -0.646
1.127 -0.461 -1.124
1.471 -0.578 -1.641
2.16 -0.279 -1.994
2.401 -0.234 -1.993
1.661 -0.357 -1.914
1.745 -0.683 -1.774
1.88 -1.055 -1.666
1.442 -1.07 -1.835
1.014 -1.204 -2.324
0.895 -1.316 -2.833
0.53 -1.262 -3.006
0.184 -1.084 -3.093
0.157 -1.002 -2.991
0.149 -1.091 -2.907
0.143 -1.12 -2.832
0.396 -1.128 -2.661
0.934 -1.119 -2.748
1.366 -1.291 -3.059
1.186 -1.188 -3.141
0.671 -1.25 -3.155
0.449 -1.177 -3.046
0.542 -0.904 -2.871
0.677 -1.02 -2.583
0.558 -1.022 -2.73
0.39 -0.601 -3.155
0.342 -0.411 -3.658
0.222 -0.413 -3.836
0.105 -0.061 -3.452
0.456 -0.055 -3.064
1.143 -0.153 -3.093
1.253 0.154 -3.62
1.162 0.372 -4.68
0.856 0.576 -5.281
0.064 1.027 -4.873
-0.192 1.088 -4.584
-0.052 1.177 -4.419
0.495 1.275 -4.391
0.937 1.096 -4.236
1.361 0.779 -3.786
1.931 0.977 -3.58
2.074 1.138 -3.412
1.617 1.067 -3.027
0.472 1.202 -2.371
0.072 1.366 -2.082
-0.038 1.255 -1.478
-0.043 1.043 -0.778
-0.038 0.853 -0.269
-0.009 0.716 -0.079