0.0000 0.0000 0.0000
6.37 -0.252 9.866
6.518 -0.219 8.397
7.314 -0.541 6.678
7.574 -0.539 4.648
6.98 -0.416 3.339
5.799 -0.314 2.987
4.573 -0.446 3.292
4.141 -0.298 3.652
4.262 -0.087 3.994
4.671 -0.018 3.577
5.066 -0.465 2.633
4.87 -0.832 1.568
4.538 -1.188 0.291
4.36 -1.069 -0.806
4.2 -1.367 -1.286
2.9 -1.222 -2.053
2.438 -1.048 -2.029
2.418 -1.081 -1.352
2.728 -1.24 -0.846
3.007 -1.323 -0.529
2.809 -1.328 -0.855
3.227 -1.075 -2.028
3.335 -0.761 -2.618
2.734 -0.702 -3.253
1.737 -0.692 -3.005
0.503 -0.674 -2.066
-0.021 -0.391 -0.946
-0.225 -0.206 -0.059
-0.013 -0.107 0.455
0.022 -0.028 -0.882
-0.161 0.034 -1.294
-0.748 0.091 -1.035
-0.819 -0.124 -0.053
-0.746 -0.87 1.201
-0.103 -1.481 1.719
0.708 -2.074 0.53
1.672 -2.961 -0.953
1.298 -3.286 -2.047
0.366 -3.25 -2.385
0.019 -2.666 -2.741
0.069 -2.572 -2.45