0.0000 0.0000 0.0000
2.724 3.013 10.538
3.874 2.341 9.829
4.961 2.547 8.665
5.585 2.404 7.669
5.311 2.232 6.92
4.883 2.216 6.297
4.231 1.977 5.52
3.523 1.779 4.563
2.611 1.636 3.797
2.039 1.662 2.943
2.034 1.547 2.235
2.296 1.444 1.873
2.419 1.222 1.6
2.496 0.85 1.517
2.6 0.549 1.297
2.521 0.443 1.339
2.458 0.295 1.266
2.118 0.102 1.26
1.777 -0.235 1.108
1.34 -0.418 0.807
0.844 -0.514 0.683
0.665 -0.454 0.262
0.762 -0.443 -0.281
1.186 -0.425 -0.718
1.481 -0.503 -1.051
1.54 -0.496 -1.032
1.368 -0.567 -0.946
1.214 -0.717 -0.852
1.032 -0.99 -0.74
1.136 -1.27 -0.727
1.307 -1.488 -1.033
1.211 -1.485 -1.232
1.15 -1.423 -1.694
1.405 -1.384 -2.413
1.722 -1.099 -2.99
1.61 -0.825 -3.605
1.078 -1.01 -3.598
0.444 -1.185 -3.065
0.202 -1.282 -2.431
0.38 -1.74 -2.567
0.359 -1.755 -2.785
0.366 -1.623 -3.282
0.338 -1.667 -3.833
0.347 -1.294 -4.139
0.494 -1.087 -4.673
0.849 -0.762 -5.111
1.462 -0.402 -5.1
1.911 -0.491 -4.943
1.952 -0.252 -4.819
1.852 -0.072 -4.372
1.71 -0.151 -4.34
1.47 0.036 -4.173
1.392 0.058 -4.316
1.365 0.121 -4.746
1.254 0.204 -4.504
1.197 0.304 -4.235
1.388 0.498 -4.121
1.715 0.439 -3.976
1.172 0.542 -3.725
0.805 1.427 -3.603
0.561 1.155 -3.544