0.0000 0.0000 0.0000
1.604 -0.209 12.702
1.073 -0.137 12.492
1.052 -0.114 11.984
1.326 -0.353 11.664
1.391 -0.533 11.351
1.218 -0.368 10.992
0.88 -0.279 10.565
0.551 -0.122 10.086
0.444 -0.101 9.637
0.615 -0.186 9.027
0.959 -0.417 8.417
1.095 -0.617 7.705
1.244 -0.9 6.771
1.241 -1.111 5.861
0.815 -1.285 5.18
0.277 -1.251 4.429
-0.276 -1.169 3.615
-0.24 -1.198 2.633
0.0 -1.285 1.456
0.43 -1.312 0.354
0.611 -1.146 -0.508
0.688 -1.316 -1.457
0.593 -1.753 -2.07
0.189 -1.19 -3.354
-0.476 -0.718 -3.682
-0.799 -0.603 -3.745
-1.046 -0.422 -4.301
-0.683 -0.224 -5.379
-0.27 -0.15 -6.117
0.101 0.036 -6.66
0.246 0.214 -6.934
0.032 0.494 -6.783
-0.177 0.324 -6.656
-0.418 0.179 -6.585
-0.549 0.153 -6.323
-0.787 -0.163 -6.096
-1.492 0.645 -5.262