0.0000 0.0000 0.0000
0.639 0.522 13.736
0.308 0.703 12.759
0.113 0.736 12.104
0.093 0.826 11.574
0.058 0.967 10.77
0.13 0.888 10.262
0.16 0.627 10.391
0.092 0.486 10.42
0.083 0.291 10.404
0.048 -0.116 9.898
0.13 -0.475 9.365
0.263 -0.815 8.807
0.564 -1.018 8.013
0.844 -1.175 6.781
1.191 -1.713 5.525
1.184 -1.877 4.162
1.16 -1.888 2.738
1.251 -1.82 1.679
1.177 -1.836 0.899
0.801 -1.911 0.335
0.635 -2.211 -0.12
0.485 -2.291 -0.59
0.074 -2.097 -1.436
-0.018 -1.93 -1.956
0.077 -2.03 -2.545
-0.076 -1.732 -3.213
-0.154 -1.464 -3.865
-0.122 -0.982 -4.815
-0.058 -0.694 -5.79
-0.052 -0.305 -6.529
-0.047 0.198 -7.006
-0.059 0.437 -7.494
-0.07 0.66 -7.71
-0.132 1.025 -7.586
-0.231 1.388 -7.465
-0.389 1.473 -7.054
-0.548 1.309 -6.935
-0.692 1.109 -6.681
-0.915 0.946 -5.935
-1.082 1.024 -5.049
-1.121 1.025 -4.104
-1.017 0.879 -3.487
-0.881 0.791 -3.043
-0.879 0.764 -2.903
-0.851 0.394 -3.13
-1.145 0.579 -2.929