0.0000 0.0000 0.0000
0.923 -2.002 12.581
0.917 -1.819 11.935
0.773 -1.637 11.233
0.627 -1.422 10.299
0.478 -1.107 9.398
0.56 -0.72 8.329
0.624 -0.476 7.375
1.001 -0.592 6.543
1.384 -0.619 5.932
1.383 -0.471 5.752
1.297 -0.493 5.78
1.193 -0.762 5.849
1.039 -0.893 5.721
0.849 -1.088 5.321
0.626 -1.324 5.021
0.443 -1.157 4.511
0.64 -1.196 3.982
0.576 -1.18 3.558
0.535 -1.303 3.193
0.499 -1.207 2.736
0.432 -0.751 2.126
0.44 -0.46 1.147
0.482 -0.733 0.36
0.443 -0.858 0.151
0.398 -0.806 0.231
0.393 -0.777 0.423
0.354 -0.717 0.389
0.327 -0.55 0.247
0.406 -1.185 0.153
0.279 -1.049 -0.189
0.208 -0.858 -0.514
0.153 -0.591 -1.058
0.129 -0.342 -1.797
0.262 -0.334 -2.427
0.581 -0.43 -2.564
0.592 -0.378 -2.531
0.343 0.073 -2.511
0.093 0.419 -2.622
-0.122 0.799 -2.79
-0.213 0.779 -3.097
-0.244 0.831 -3.425
-0.176 0.92 -3.85
-0.072 0.992 -4.085
0.012 1.108 -4.349
0.174 0.971 -4.88
0.2 0.728 -5.003
-0.017 0.965 -4.753
-0.412 1.058 -4.398
-1.06 1.34 -4.139
-1.532 1.241 -4.044
-1.646 1.211 -4.235
-1.429 1.237 -4.578
-1.217 1.139 -4.775
-0.966 1.137 -5.048
-1.085 0.859 -4.836