0.0000 0.0000 0.0000
0.785 0.255 11.435
0.776 0.074 11.369
0.81 -0.113 11.292
0.815 -0.214 10.964
0.897 -0.304 10.859
1.006 -0.412 10.437
1.026 -0.422 10.177
0.958 -0.621 9.875
0.534 -0.628 9.706
0.352 -0.608 9.192
0.342 -0.651 8.566
0.317 -0.474 8.252
0.302 -0.512 7.565
0.125 -0.418 6.576
0.302 -1.247 6.013
0.332 -1.432 5.412
0.196 -1.28 4.569
0.262 -1.118 3.164
0.796 -1.178 1.856
0.742 -1.147 0.593
0.823 -1.489 -0.198
0.482 -1.486 -0.954
-0.211 -0.838 -1.341
-0.647 -1.107 -1.664
-0.884 -0.876 -2.161
-0.563 -0.383 -3.246
-0.119 -0.302 -3.74
0.091 -0.134 -4.547
0.495 -0.198 -5.403
0.299 0.131 -6.345
0.442 0.23 -6.925
-0.084 0.362 -7.543
-0.326 0.688 -7.849
-0.216 0.705 -8.107
-0.642 0.497 -7.382
-0.768 0.145 -6.704
-0.958 0.51 -6.086
-0.948 0.33 -5.365
-0.819 -0.237 -4.837
-1.151 -0.308 -4.293