0.0000 0.0000 0.0000
0.294 0.203 8.996
0.221 -0.023 8.337
0.001 -0.245 8.443
-0.136 -0.315 8.598
-0.269 -0.447 9.031
-0.233 -0.575 9.275
0.108 -0.569 8.95
0.597 -0.495 8.297
1.175 -0.497 8.027
1.282 -0.602 7.983
0.86 -0.447 8.227
0.654 -0.48 8.723
0.735 -0.734 9.032
1.213 -1.315 8.758
1.428 -1.347 8.063
1.371 -1.29 7.343
1.165 -1.213 6.384
0.669 -1.204 5.229
0.137 -1.212 4.034
-0.074 -1.195 2.958
-0.118 -1.23 1.998
-0.227 -1.159 1.307
-0.342 -1.026 0.633
-0.153 -1.156 -0.075
0.241 -1.704 -0.585
0.079 -1.516 -1.535
-0.204 -1.451 -2.226
-0.399 -1.271 -3.141
-0.549 -0.877 -3.835
-0.485 -0.625 -4.452
-0.566 -0.339 -5.334
-0.725 0.082 -5.929
-0.713 0.031 -6.362
-0.503 0.028 -7.148
-0.315 0.301 -7.476
-0.189 0.46 -7.185
-0.075 0.543 -6.88
-0.119 0.661 -6.615
-0.271 0.914 -6.22
-0.356 0.849 -5.96
-0.458 0.307 -5.804
-0.809 0.854 -5.085