0.0000 0.0000 0.0000
15.179 -2.045 -10.302
13.041 -1.436 -9.616
11.237 -0.697 -7.887
9.708 -0.696 -5.918
8.72 -0.911 -4.507
7.727 -1.139 -3.643
6.463 -1.12 -3.33
5.127 -1.111 -2.799
4.313 -1.043 -1.984
3.726 -1.042 -1.277
3.25 -0.981 -0.124
3.028 -0.874 0.767
2.976 -0.83 0.974
2.945 -0.764 0.877
2.995 -0.67 0.668
3.204 -0.552 0.653
3.091 -0.522 0.872
2.842 -0.487 1.673
2.532 -0.559 2.686
2.141 -0.641 3.59
1.194 -0.551 4.101
0.506 -0.298 4.113
-0.027 -0.199 3.84
-0.36 -0.084 3.327
-0.341 -0.024 2.882
-0.428 0.055 2.43
-0.48 0.256 2.178
-0.285 0.11 2.236
0.397 -0.124 3.081
0.358 -0.155 4.187
-0.393 0.144 4.707
-0.845 0.621 4.418
-1.467 0.904 3.502
-1.734 0.96 2.195
-2.138 0.734 1.518
-2.286 0.695 1.358
-2.04 0.514 1.334
-1.526 0.35 1.925
-0.985 0.074 2.637
-1.214 -0.226 3.253
-2.006 -0.091 3.789
-2.78 0.271 3.617
-2.7 0.502 2.557
-2.145 0.391 1.198
-0.991 0.145 0.535
-0.392 -0.204 1.447
-0.172 -0.58 3.457
-0.129 -0.66 5.206
-0.168 -0.413 6.228
0.124 0.256 6.303
0.646 0.808 5.776
1.038 1.124 5.405
1.589 1.184 5.356
1.982 1.298 5.226
2.611 1.306 4.643
2.557 1.434 4.627
1.793 1.592 4.983
1.174 1.571 4.657
0.875 1.621 3.907
0.607 1.958 2.507
-0.349 1.987 1.102