0.0000 0.0000 0.0000
10.344 1.936 -6.165
9.301 1.837 -6.548
8.974 1.731 -6.479
8.137 1.472 -5.771
7.564 1.066 -4.797
7.61 0.752 -3.49
7.228 0.367 -2.236
6.539 0.227 -1.78
5.946 0.402 -2.196
5.567 0.327 -2.623
5.019 0.407 -3.067
4.594 -0.193 -2.95
4.29 -0.536 -2.793
4.042 -0.724 -2.359
3.707 -1.108 -1.856
2.905 -1.721 -0.532
1.701 -2.204 1.735
0.72 -2.354 3.889
0.39 -2.386 5.198
0.04 -2.449 6.505
0.002 -2.54 7.725
-0.334 -2.01 8.737
-0.679 -1.335 8.923
-1.034 -1.219 8.496
-1.594 -1.174 8.577
-2.15 -0.919 8.65
-2.831 -0.87 8.845
-3.031 -0.697 9.314
-2.797 -0.239 10.02
-2.026 0.154 9.682
-1.168 -0.196 8.86