0.0000 0.0000 0.0000
15.791 0.229 -4.389
13.953 0.292 -4.64
11.946 0.548 -3.883
10.243 0.553 -2.951
9.305 0.429 -2.277
9.107 0.334 -1.808
8.601 0.163 -1.403
7.767 0.026 -1.271
6.887 -0.036 -1.299
5.896 -0.162 -1.471
4.97 -0.275 -1.531
4.206 -0.489 -1.541
3.872 -0.595 -1.18
3.691 -0.803 -0.881
3.46 -0.886 -0.388
3.062 -0.892 0.038
2.411 -0.846 0.422
1.55 -1.029 0.836
0.722 -1.451 0.977
-0.28 -1.427 1.31
-1.002 -1.388 2.032
-1.341 -1.361 2.639
-1.448 -1.19 3.298
-1.217 -1.011 4.76
-0.63 -0.936 5.112
-0.524 -0.773 4.816
-1.066 -0.23 3.498
-2.02 0.128 2.433
-2.835 0.089 2.095
-3.603 0.011 2.058
-4.225 -0.066 2.671
-3.906 -0.06 3.55
-3.084 -0.036 4.281
-2.026 0.044 4.585
-1.341 0.074 4.256
-0.991 0.273 3.848
-0.987 0.427 3.446
-1.198 0.66 3.032
-1.639 0.887 2.72
-2.044 0.859 2.362
-2.089 0.867 2.108
-1.923 0.85 2.148
-1.619 0.765 2.191
-0.923 0.731 2.205
-0.399 0.848 2.234
-0.092 1.073 2.347
0.054 1.043 2.181
0.178 1.249 2.178
0.272 1.469 2.236
0.271 1.65 2.332
0.244 1.7 2.728
0.133 1.711 3.429
-0.052 1.695 3.939
-0.271 1.724 3.993
-0.442 1.681 3.939
-0.613 1.452 4.01
-0.81 1.212 3.997
-0.919 0.987 3.658
-0.982 0.777 3.007
-1.047 0.621 2.052
-1.003 0.464 1.295
-1.178 -0.064 0.743
-1.155 0.605 -0.27