0.0000 0.0000 0.0000
14.197 0.462 -3.337
13.147 0.709 -2.504
12.66 0.638 -2.288
11.644 0.557 -2.309
10.488 0.148 -2.552
9.207 0.107 -2.529
7.76 0.208 -2.182
6.786 0.058 -1.67
6.012 -0.119 -1.228
5.532 -0.185 -0.674
5.125 -0.244 -0.253
4.75 -0.34 -0.09
4.086 -0.392 0.177
3.315 -0.301 0.469
2.63 -0.323 0.664
1.927 -0.377 0.735
1.536 -0.235 0.756
0.891 -0.315 0.552
0.139 -0.361 0.514
-0.667 -0.36 0.445
-1.092 -0.332 0.599
-1.258 -0.609 1.202
-1.796 -0.678 1.892
-1.97 -0.765 2.453
-1.85 -0.809 2.888
-1.545 -0.582 3.125
-1.399 -0.282 2.864
-1.578 -0.021 2.121
-1.98 0.015 1.306
-2.678 0.134 0.985
-3.307 -0.025 0.973
-3.304 -0.135 1.41
-3.258 -0.362 2.157
-3.087 -0.455 3.32
-2.623 -0.306 4.488
-2.051 -0.052 5.28
-1.802 0.211 4.942
-1.743 0.449 4.146
-1.724 0.498 3.18
-1.603 0.38 2.534
-1.313 0.393 2.686
-1.035 0.25 3.141
-0.871 -0.041 3.611
-0.75 -0.235 4.439
-0.511 -0.349 5.03
0.341 -0.478 5.397
1.367 -0.559 5.245
2.221 -0.245 4.867