0.0000 0.0000 0.0000
12.516 -0.278 -6.561
12.238 0.0 -7.853
11.523 0.343 -8.179
10.732 0.171 -7.835
9.926 0.102 -6.517
8.727 0.066 -4.607
7.432 -0.06 -3.207
6.214 -0.227 -2.042
5.179 -0.48 -1.053
4.239 -0.492 0.008
3.729 -0.494 0.585
3.468 -0.445 0.742
3.164 -0.556 0.831
2.96 -0.483 0.86
2.552 -0.374 0.877
2.202 -0.345 0.798
1.895 -0.621 0.882
1.602 -0.757 1.208
1.33 -0.707 1.914
1.188 -0.705 2.585
1.069 -0.85 3.128
0.807 -0.438 3.401
0.451 -0.23 3.199
0.19 -0.19 2.819
-0.173 -0.171 2.39
-0.5 -0.111 2.16
-0.493 -0.229 2.073
-0.401 -0.809 2.374
-0.378 -1.013 3.257
-0.521 -0.885 4.224
-1.089 -0.797 5.336
-1.696 -0.398 5.794
-2.259 0.054 5.671
-2.11 0.144 4.552
-1.951 0.284 3.812
-2.325 0.618 3.983
-3.083 0.806 4.627
-3.594 1.001 5.354
-3.967 1.177 5.87
-3.631 1.128 5.74
-3.069 1.084 5.571
-2.038 1.217 5.376
-1.266 1.431 5.433
-0.38 1.469 5.441
-0.118 1.538 6.345
-0.305 1.686 7.021
-0.748 1.526 7.258
-0.966 1.468 6.937