0.0000 0.0000 0.0000
8.422 0.022 2.919
8.7 -0.074 1.377
8.192 -0.015 0.964
7.459 0.598 0.35
6.678 0.797 -0.261
6.321 0.881 -1.071
6.318 0.853 -2.102
6.057 0.492 -2.547
6.235 0.477 -3.326
6.525 0.74 -3.562
6.476 1.183 -3.56
6.363 1.349 -3.272
6.313 1.197 -3.247
6.448 0.982 -3.672
6.071 0.763 -4.261
5.55 0.825 -4.283
5.296 0.949 -4.458
5.379 0.949 -4.693
5.435 0.949 -4.724
5.125 0.888 -4.355
4.319 0.73 -3.971
3.473 0.528 -3.548
2.755 0.053 -3.029
2.135 -0.391 -1.925
1.628 -0.671 -0.646
1.379 -1.069 0.09
1.095 -1.238 1.098
0.744 -1.174 2.195
0.713 -1.057 2.751
0.857 -1.261 2.562
0.693 -1.885 2.53
0.098 -1.688 2.983
-0.143 -1.916 2.806
0.241 -2.414 2.629
0.501 -3.594 2.874
0.089 -3.976 3.423
-0.781 -4.182 3.727
-1.608 -4.867 3.707
-3.024 -4.992 4.63
-4.222 -4.57 5.347
-6.144 -3.949 6.347
-8.753 -2.081 8.212
-8.455 -0.967 7.175
-8.773 -0.44 8.56
-11.395 0.577 8.704
-13.117 1.899 8.851
-13.046 2.777 8.431
-12.759 2.689 8.631
-11.991 3.11 8.836
-9.465 3.118 7.927
-6.976 2.927 6.953
-5.287 2.625 6.611
-4.93 2.63 6.286
-3.713 2.324 5.916
-2.118 1.996 5.462
-1.311 1.978 5.002
-1.137 1.875 4.485
-1.403 2.075 4.217
-1.788 2.04 4.045
-2.454 1.836 3.753
-2.596 1.652 3.084
-2.319 1.461 2.164
-1.665 1.186 1.051
-0.421 0.895 -0.242
0.344 0.831 -1.149
0.749 0.808 -1.543