0.0000 0.0000 0.0000
13.912 -0.675 -2.708
13.202 0.073 -3.213
12.666 0.514 -2.995
11.951 0.367 -2.877
11.445 0.201 -3.063
9.801 0.069 -3.282
8.416 0.545 -3.48
7.565 0.663 -4.071
6.973 0.398 -4.207
6.663 0.513 -4.286
6.712 0.583 -4.099
6.722 0.447 -3.836
5.834 0.342 -4.133
4.708 0.144 -4.504
3.375 -0.395 -4.553
2.02 -0.494 -3.857
0.543 -0.531 -2.299
-0.045 -0.814 -0.888
-0.773 -1.611 0.622
-1.178 -1.597 1.87
-1.207 -1.627 2.907
-0.888 -1.731 3.711
-0.48 -1.696 3.917
-0.32 -2.095 4.603
-0.392 -3.04 5.677
-1.016 -3.159 7.393
-2.38 -2.334 11.11
-2.909 -2.402 10.188
-3.6 -1.455 11.867
-4.283 -1.06 11.042
-4.381 -0.333 10.102
-4.175 0.165 8.945
-3.697 0.389 7.43
-3.267 0.575 6.489
-2.992 0.836 6.598
-2.969 0.942 7.231
-3.344 1.063 7.758
-3.406 1.526 7.732
-2.505 1.545 7.002