0.0000 0.0000 0.0000
16.429 -0.097 -10.853
14.596 0.075 -9.613
12.602 0.128 -8.703
10.515 0.107 -7.902
8.429 -0.015 -6.939
7.25 -0.496 -5.978
6.43 -0.981 -4.449
5.649 -1.676 -2.772
4.541 -1.965 -1.262
3.302 -2.225 -0.196
2.102 -2.115 1.115
1.693 -2.007 2.193
1.619 -1.478 2.991
1.552 -1.563 2.976
1.284 -1.329 2.127
0.699 -1.084 1.285
0.034 -1.088 1.122
-0.037 -1.307 1.932
0.25 -1.46 2.868
0.32 -1.392 3.65
0.064 -1.192 3.862
-0.157 -1.013 3.631
-0.538 -1.006 3.492
-0.493 -0.905 3.35
-0.099 -0.556 3.127
0.359 -0.13 2.9
0.943 0.253 2.593
0.892 0.426 2.532
0.113 0.521 2.83
-0.802 0.546 3.081
-1.636 0.483 3.342
-2.36 0.642 3.62
-2.477 1.12 3.654
-1.652 1.362 3.53
-0.737 1.389 3.548
-0.025 1.707 4.322
0.537 1.984 5.32
0.819 2.269 5.926
0.78 2.576 5.989
0.435 2.999 5.476
0.047 2.958 4.558
-0.216 2.809 3.438
-0.28 2.829 2.974
-0.097 2.839 2.961
0.282 2.952 3.302
0.487 2.889 3.618
0.774 2.842 3.8
1.24 2.782 3.635
1.245 2.564 3.651
0.741 2.1 3.639
0.279 2.123 3.499
0.182 1.876 3.063
0.242 0.99 3.093
0.286 0.236 3.318