0.0000 0.0000 0.0000
9.62 -0.252 -0.64
9.83 -0.141 -1.481
9.209 -0.454 -2.444
8.228 -0.374 -3.639
7.353 -0.38 -4.542
6.592 -0.488 -4.321
5.967 -0.457 -3.363
5.517 -0.523 -2.535
5.396 -0.712 -2.161
5.417 -0.796 -2.634
5.099 -0.604 -2.931
4.693 -0.423 -3.112
4.172 -0.432 -3.051
3.41 -0.656 -2.384
2.215 -0.539 -1.154
1.726 -0.287 0.193
1.459 -0.172 1.26
1.296 -0.043 1.918
1.08 0.03 1.752
0.825 0.13 1.465
0.812 0.169 0.603
0.868 0.143 0.232
0.928 0.077 0.786
0.973 -0.024 1.423
0.876 -0.082 2.496
0.435 -0.091 3.772
-0.409 0.365 5.024
-0.954 0.553 5.331
-0.893 0.377 4.807
-0.494 0.572 4.585
-0.117 0.601 4.1
0.247 0.635 3.475
0.653 0.537 3.515
0.433 0.527 3.905
-0.23 0.5 4.721
-0.578 0.45 5.223
-1.192 0.431 5.08
-1.461 0.396 4.632
-1.797 0.96 4.229
-2.023 1.795 3.668
-1.769 1.787 3.138
-1.712 1.747 2.789
-1.644 1.83 2.036
-1.463 1.716 1.738
-1.558 1.803 1.486
-1.747 1.562 1.252
-1.874 1.51 1.618
-1.945 1.712 1.783
-1.655 0.627 2.932