0.0000 0.0000 0.0000
12.68 -0.123 -2.424
11.756 0.173 -2.638
11.193 0.129 -3.391
10.935 -0.219 -4.5
10.945 -0.266 -5.8
10.368 -0.601 -6.263
9.779 -0.868 -6.645
8.603 -0.816 -6.928
7.174 -0.984 -6.494
6.094 -1.101 -5.259
4.545 -0.931 -3.5
3.298 -0.958 -1.883
2.589 -0.949 -0.617
1.89 -1.155 0.667
1.322 -1.238 1.54
1.069 -1.304 1.602
0.867 -1.587 1.364
0.892 -1.704 1.064
0.898 -1.611 1.069
0.955 -1.648 1.557
0.799 -1.647 2.479
0.495 -1.439 2.963
-0.209 -1.114 3.486
-0.86 -0.977 3.594
-1.369 -1.052 3.424
-2.025 -1.084 3.125
-2.615 -1.467 3.312
-3.155 -1.579 3.627
-3.245 -1.447 3.971
-2.507 -1.268 4.143
-1.549 -1.322 4.953
-1.118 -1.181 5.862
-1.455 -1.011 6.974
-2.559 -0.875 7.474
-3.036 -0.676 6.813
-2.611 -0.565 5.21
-0.988 -0.457 3.965
1.325 0.174 3.844
2.554 0.269 4.735
1.756 0.242 7.175
-0.358 1.028 9.448
-2.451 1.339 10.124
-3.327 1.299 8.603
-2.692 2.264 5.76
-0.992 3.279 3.71
1.381 3.968 3.192
2.631 4.261 4.114
3.204 4.024 5.358
2.263 3.699 5.442
0.847 2.571 4.726
-0.486 3.856 3.219