0.0000 0.0000 0.0000
11.964 1.289 1.066
11.5 0.557 0.821
10.342 0.984 0.498
9.79 1.377 0.457
9.242 0.851 0.79
8.844 0.507 0.892
8.537 0.31 0.699
8.286 -0.065 -0.007
7.794 -0.412 -0.722
7.152 -0.672 -1.65
6.721 -0.993 -2.183
6.109 -1.04 -2.171
5.317 -0.988 -1.963
4.7 -1.001 -1.68
4.143 -1.082 -1.357
3.643 -1.31 -1.092
3.003 -1.644 -0.853
2.133 -1.712 -0.346
1.524 -1.877 -0.096
1.035 -2.103 0.396
0.363 -2.47 1.149
-0.423 -2.447 1.974
-1.13 -2.134 2.879
-1.017 -2.265 2.324
-0.933 -2.4 1.894
-1.451 -3.393 1.17
-2.09 -3.915 2.285
-2.545 -3.446 3.289
-2.704 -3.601 4.063
-3.33 -3.491 4.407
-4.083 -3.668 3.802
-4.873 -2.542 4.612
-6.049 -1.737 5.719
-7.754 -1.925 6.405
-8.685 -1.37 5.782
-9.239 0.188 6.092
-9.599 1.178 6.663
-9.441 2.042 6.635
-8.833 2.45 5.756
-7.199 2.222 4.749
-6.083 2.069 4.912
-5.552 1.948 5.929
-4.945 1.762 6.569
-4.382 1.663 6.791
-3.926 2.005 6.775
-3.603 2.374 6.71
-3.613 2.447 6.254
-3.674 2.486 5.586
-2.962 2.6 4.622
-2.278 2.253 3.065
-1.817 2.175 1.974
-0.498 1.75 0.579
0.361 1.489 -0.711
0.773 1.418 -1.407