0.0000 0.0000 0.0000
9.568 0.522 2.479
8.379 0.039 2.3
8.661 -0.059 0.631
8.347 0.007 -0.224
7.951 0.23 -1.779
8.096 -0.033 -2.515
8.079 -0.289 -3.185
7.4 -0.622 -2.91
6.135 -0.99 -2.231
5.125 -1.046 -1.965
4.767 -0.907 -2.087
5.092 -0.834 -2.533
5.091 -0.828 -3.323
5.28 -0.849 -4.283
5.545 -1.238 -4.381
5.292 -1.355 -4.072
4.789 -1.59 -3.553
4.163 -2.017 -2.577
3.109 -2.272 -1.0
2.316 -2.028 0.004
1.972 -1.903 0.96
1.464 -1.919 1.45
0.671 -1.951 1.34
-0.308 -1.997 1.093
-0.976 -2.16 0.855
-1.568 -2.383 1.123
-1.893 -2.533 1.743
-1.601 -2.469 2.689
-0.992 -2.3 3.687
-0.178 -2.423 4.594
-0.289 -2.155 4.971
-0.898 -1.388 5.06
-1.532 -0.93 4.657
-2.224 -0.38 4.286
-3.07 -0.471 4.056
-3.651 -0.26 4.365
-3.803 -0.372 4.929
-3.526 -0.111 5.565
-3.027 0.003 6.025
-2.595 0.123 6.259
-2.301 0.266 6.185
-1.821 0.343 6.014
-1.242 0.438 5.826
-0.859 0.411 5.873
-0.584 0.396 5.811
-0.56 0.339 6.506
-0.452 0.495 6.786
-0.096 0.764 6.366
0.266 1.265 5.298
0.592 1.664 4.148
0.921 1.722 3.156
0.803 1.782 2.194
0.309 2.552 1.552