0.0000 0.0000 0.0000
9.809 2.108 -1.519
9.914 1.846 -1.798
10.018 1.678 -2.411
10.429 1.597 -2.782
10.403 1.437 -2.754
10.13 1.207 -2.444
9.039 1.052 -2.32
7.61 0.938 -2.321
6.538 0.939 -3.054
5.703 0.897 -3.981
5.004 0.695 -3.91
4.262 0.548 -3.536
3.75 0.398 -2.76
3.59 0.332 -1.769
3.369 -0.079 -1.006
2.644 -0.494 -0.612
2.026 -0.729 -0.387
1.367 -1.199 -0.59
1.351 -1.174 -0.72
1.422 -1.263 -0.381
0.987 -1.731 0.277
0.121 -1.8 1.266
-0.752 -1.844 2.225
-0.84 -1.952 3.347
-0.782 -1.998 4.03
-0.678 -1.876 4.497
-0.619 -1.697 4.478
-0.609 -1.665 4.168
-0.694 -1.645 4.338
-0.892 -1.765 5.464
-1.372 -1.778 8.15
-1.769 -1.143 8.791
-1.79 -0.874 9.041
-1.973 -0.519 8.154
-2.172 0.006 7.14
-2.291 0.402 6.202
-2.002 0.603 5.78
-1.422 0.836 5.797
-0.711 1.071 5.846
-0.192 1.05 5.408