0.0000 0.0000 0.0000
14.36 -0.373 -3.984
13.26 -0.258 -4.482
12.012 -0.155 -4.508
10.604 -0.217 -3.988
9.328 -0.083 -2.934
8.197 -0.066 -1.692
7.325 -0.163 -0.92
6.731 -0.302 -0.345
6.101 -0.418 -0.13
5.577 -0.566 -0.272
5.243 -0.656 -0.615
4.796 -0.961 -0.562
4.11 -0.882 -0.359
3.682 -0.707 0.046
3.244 -0.861 0.386
2.644 -0.956 0.736
1.837 -1.101 1.351
1.119 -1.181 1.992
0.283 -1.235 2.844
-0.227 -1.318 3.896
-0.86 -1.161 4.661
-1.213 -0.76 4.953
-1.824 -0.537 4.725
-1.892 -0.406 3.83
-1.47 -0.012 2.913
-0.728 0.264 2.001
-0.302 0.307 1.447
-0.28 0.207 1.147
-0.726 0.221 1.127
-1.567 0.026 1.42
-2.324 -0.225 2.071
-2.721 -0.22 2.855
-3.268 -0.189 3.535
-3.32 0.354 3.767
-3.1 0.439 3.64
-2.695 0.766 2.854
-2.219 1.189 2.232
-0.894 1.191 1.854
0.41 1.279 1.427
1.016 1.496 1.422
0.914 1.57 1.745
0.392 1.508 2.519
-0.388 1.331 3.112
-0.944 1.413 3.749
-0.961 1.436 4.02
-0.65 1.602 3.635
-0.326 1.787 3.332
-0.087 1.85 2.913
0.197 2.052 2.242
0.539 2.183 1.716
0.778 1.81 1.553
0.864 2.585 1.217