0.0000 0.0000 0.0000
13.343 -0.632 -8.035
12.285 -0.293 -8.576
11.479 0.227 -7.511
11.02 0.221 -5.864
10.763 0.165 -3.976
9.962 0.234 -2.087
9.078 0.125 -0.473
7.903 -0.059 -0.159
6.449 -0.053 -0.152
4.796 -0.16 -0.481
3.773 -0.342 -0.821
3.232 -0.472 -0.704
3.038 -0.39 -0.065
3.105 -0.325 0.785
3.104 -0.336 1.767
2.691 -0.457 2.469
2.068 -0.541 3.024
1.577 -0.547 3.058
0.867 -0.492 2.829
0.117 -0.546 2.564
-0.704 -0.466 2.1
-0.935 -0.367 1.847
-0.893 -0.512 1.964
-0.813 -0.581 2.199
-0.714 -0.738 2.987
-0.789 -0.932 3.766
-1.236 -0.502 4.699
-1.362 -0.142 4.919
-1.269 -0.119 4.349
-1.323 0.237 3.216
-1.441 0.506 2.076
-1.615 0.378 1.291
-1.704 0.426 0.868
-1.585 0.418 0.902
-1.34 0.238 1.234
-1.396 0.154 1.93
-1.61 0.345 2.461
-1.854 0.526 2.542
-1.78 0.698 2.305
-1.404 1.016 1.669
-0.85 0.931 0.985
-0.446 1.174 0.421
-0.427 1.16 0.146
-0.574 0.949 0.114
-0.741 0.915 0.508
-0.615 0.823 0.957
-0.484 0.629 1.43
-0.488 0.721 1.83
-0.378 0.882 2.035
-0.228 1.147 2.09
-0.119 1.42 2.32
0.219 1.502 2.252
0.671 1.722 1.958
0.949 1.809 1.891
1.035 1.981 1.797
0.793 2.248 1.772
0.568 2.506 1.638
0.511 2.178 1.526
0.098 2.029 1.356