0.0000 0.0000 0.0000
9.801 -0.649 -4.32
9.941 -0.136 -5.198
9.723 -0.725 -5.437
9.199 -0.903 -5.341
8.098 -0.666 -4.997
7.469 -1.013 -4.368
6.843 -1.593 -3.577
6.305 -1.571 -2.754
5.786 -1.449 -1.875
5.216 -1.2 -1.412
4.703 -0.804 -1.486
4.276 -0.233 -1.613
4.047 0.152 -1.547
3.909 0.137 -1.28
3.535 -0.014 -0.945
3.173 -0.073 -0.523
3.028 -0.083 -0.229
2.88 -0.083 0.275
2.653 -0.101 0.696
2.379 -0.323 0.876
1.986 -0.368 0.659
1.503 -0.211 0.378
1.257 -0.259 0.099
1.106 -0.578 0.209
1.064 -0.615 0.628
1.027 -0.57 1.324
0.708 -0.651 2.234
0.413 -0.612 2.778
0.182 -0.585 3.302
0.052 -0.69 3.652
-0.012 -0.966 4.252
0.014 -0.8 5.06
0.116 -0.6 5.915
0.087 -0.324 6.513
-0.248 -0.128 6.577
-0.939 0.22 5.868
-1.121 0.913 4.522
-1.388 0.839 3.458
-1.887 0.841 3.112
-1.965 0.852 3.56
-2.088 0.681 4.6
-2.215 0.526 4.778
-2.166 0.232 4.808
-2.044 -0.126 4.845
-1.848 -0.225 5.179
-1.784 -0.427 5.876
-1.787 -0.307 6.237
-1.703 0.154 6.406
-1.558 0.389 7.041
-1.213 0.315 6.828
-1.152 0.421 6.076
-1.183 0.776 4.788
-1.211 1.164 3.723
-1.288 1.306 3.29
-1.306 1.399 2.97
-1.348 1.604 2.811
-1.135 1.719 2.443
-0.927 1.823 1.785
-1.093 1.606 1.477
-1.621 1.773 1.442
-1.588 2.182 0.927