0.0000 0.0000 0.0000
13.386 -0.675 -5.69
12.142 -0.53 -4.285
10.73 -0.296 -3.452
9.493 -0.042 -3.287
8.466 0.151 -3.269
7.895 0.256 -3.571
7.382 0.386 -3.757
7.023 0.218 -3.812
6.234 -0.406 -3.758
5.292 -0.702 -2.736
4.616 -0.985 -0.868
3.801 -1.516 0.416
2.852 -1.605 1.529
2.256 -1.514 2.04
1.729 -1.405 2.75
1.254 -1.265 3.285
0.87 -1.009 3.516
0.62 -0.555 3.484
0.385 0.233 3.273
0.269 0.623 2.782
0.208 0.655 2.133
0.161 0.728 1.963
0.007 0.741 2.37
-0.407 0.831 3.003
-0.719 0.894 3.143
-0.733 0.934 2.992
-0.91 0.815 2.426
-0.991 0.725 1.993
-0.565 0.574 1.578
-0.284 0.258 1.352
-0.342 -0.051 1.699
-0.308 -0.235 2.632
-0.328 -0.384 3.429
-0.709 -0.492 3.836
-1.104 -0.426 3.59
-1.105 -0.443 3.292
-1.072 -0.546 3.247
-0.913 -0.594 4.043
-0.813 -0.595 4.854
-0.577 -0.475 5.601
-0.235 -0.428 5.92
0.184 -0.135 5.707
1.036 0.136 4.998
1.777 0.407 3.93
2.444 0.564 3.183
2.036 0.654 3.279
0.979 0.658 4.149
0.338 0.463 5.027
-0.436 0.313 5.282