0.0000 0.0000 0.0000
10.637 1.807 0.23
9.875 1.867 -0.232
9.085 1.611 -1.191
8.823 1.097 -1.942
8.562 0.694 -2.576
8.257 0.401 -2.861
7.854 0.283 -2.989
7.197 -0.003 -2.957
6.59 -0.373 -3.273
5.991 -0.5 -3.515
5.254 -0.579 -3.81
4.418 -0.607 -4.049
3.433 -0.719 -4.472
2.892 -0.914 -4.636
2.568 -1.055 -4.328
2.337 -1.269 -3.654
1.991 -1.512 -2.9
1.568 -1.533 -2.119
1.109 -1.535 -1.648
0.74 -1.623 -1.406
0.373 -1.521 -1.222
0.094 -1.343 -1.057
0.067 -1.26 -0.83
0.199 -1.255 -0.523
0.36 -1.345 0.106
0.393 -1.469 0.871
0.267 -1.598 1.732
0.068 -1.584 2.282
-0.015 -1.555 2.985
0.028 -1.632 3.488
0.103 -1.771 4.018
-0.053 -1.628 4.358
-0.22 -1.526 4.534
-0.629 -1.407 4.891
-1.212 -1.18 5.272
-1.772 -1.105 5.719
-2.008 -1.09 6.517
-2.118 -0.826 7.477
-2.122 -0.381 7.695
-1.849 0.294 7.468
-1.466 0.635 7.342
-1.173 0.735 6.884
-1.004 0.817 6.436
-0.645 1.313 6.163
0.108 1.724 6.107
0.865 1.879 6.134
1.416 2.079 6.184
1.714 2.156 6.437
2.137 2.259 6.819
2.337 2.3 6.688
2.379 2.286 6.149
1.814 2.178 5.525
0.969 2.02 4.869
-0.265 3.318 3.787