0.0000 0.0000 0.0000
14.291 -0.227 -5.69
12.897 -0.049 -4.785
11.055 0.076 -3.505
10.838 -0.207 -4.654
10.202 -0.108 -4.094
8.751 0.186 -3.667
7.945 -0.073 -3.697
7.047 -0.091 -3.396
6.032 -0.005 -3.177
5.239 -0.116 -2.954
4.629 -0.208 -2.624
4.33 -0.204 -2.077
4.267 -0.511 -1.154
4.383 -0.814 0.158
4.083 -0.767 0.884
3.433 -0.811 1.485
2.538 -0.626 2.0
1.698 -0.529 2.024
0.873 -0.554 1.908
-0.428 -0.783 1.855
-1.325 -0.618 1.971
-1.391 -0.884 2.481
-1.596 -1.166 3.0
-1.79 -1.006 3.432
-1.146 -0.949 3.822
-0.686 -0.897 4.224
-0.661 -0.695 4.12
-1.336 -0.419 3.88
-2.357 -0.308 3.742
-3.164 -0.294 3.678
-3.83 -0.222 3.224
-3.689 -0.303 3.005
-3.458 -0.316 3.127
-3.155 -0.163 3.642
-2.779 -0.026 4.372
-2.294 0.122 4.969
-1.444 0.42 4.791
-0.877 0.637 4.329
-0.833 0.702 4.034
-1.223 0.83 4.51
-1.635 0.911 5.36
-1.679 0.777 6.039
-1.537 0.682 6.099
-1.245 0.527 5.92
-1.008 0.38 5.509
-0.58 0.557 5.079
0.037 0.777 5.002
0.413 0.846 4.881
0.725 1.072 4.867
1.126 2.421 4.259