0.0000 0.0000 0.0000
14.222 -0.571 -3.941
13.119 -0.075 -4.391
12.29 -0.05 -5.064
11.293 -0.2 -5.669
10.242 0.06 -5.913
9.105 0.192 -5.744
7.747 0.061 -5.195
6.498 0.158 -3.633
5.426 0.056 -2.063
4.607 -0.061 -0.348
4.077 -0.167 0.531
3.601 -0.331 0.891
3.008 -0.582 1.19
2.354 -0.576 1.312
2.317 -0.509 1.465
2.447 -0.536 1.5
2.357 -0.508 1.445
2.225 -0.38 1.352
2.011 -0.436 1.415
1.672 -0.539 1.678
1.281 -0.546 2.062
0.566 -0.724 2.338
0.174 -0.85 2.432
0.199 -0.721 2.499
0.214 -0.951 2.697
-0.091 -0.985 3.376
-0.815 -0.507 3.641
-1.086 -0.146 3.467
-1.323 0.005 3.034
-2.112 0.237 2.524
-2.548 0.24 2.047
-2.603 0.078 1.868
-2.593 0.096 1.914
-2.575 0.198 1.99
-2.567 0.325 2.377
-2.69 0.473 2.725
-2.998 0.529 2.892
-3.0 0.476 2.913
-2.898 0.549 3.053
-2.858 0.581 3.247
-2.607 0.548 3.129
-2.26 0.502 3.075
-2.008 0.452 3.379
-1.79 0.329 3.576
-1.421 0.287 3.804
-1.115 0.207 4.225
-0.495 0.126 4.63
0.588 0.174 4.908
1.434 0.406 5.073
1.661 0.538 4.876
1.486 0.579 4.578
0.967 0.529 4.266
0.974 0.933 3.909
1.006 0.745 3.699
0.664 0.817 4.104