0.0000 0.0000 0.0000
11.594 2.66 -1.683
10.219 2.713 -1.445
9.05 2.062 -1.102
8.197 1.477 -0.923
7.437 1.191 -0.986
6.72 0.744 -1.224
5.961 0.48 -1.627
5.296 0.406 -2.18
4.741 0.124 -2.694
4.146 -0.318 -3.14
3.585 -0.743 -3.817
3.011 -1.039 -4.306
2.761 -1.082 -4.41
2.571 -1.232 -4.382
2.392 -1.35 -4.082
2.196 -1.405 -3.458
1.993 -1.385 -2.595
1.828 -1.496 -1.853
1.68 -1.795 -0.832
1.503 -1.77 0.087
1.318 -1.697 0.449
1.187 -1.691 0.602
1.404 -1.539 0.568
2.082 -1.428 0.493
2.115 -1.587 0.315
1.292 -1.851 0.464
0.473 -1.174 0.797
0.279 -0.876 1.605
0.277 -0.823 1.987
0.353 -1.24 2.03
0.335 -1.728 1.939
0.275 -2.081 1.607
0.162 -2.321 1.584
0.076 -2.166 2.831
-0.206 -2.001 4.427
-1.03 -1.784 5.803
-2.099 -1.528 6.834
-2.484 -0.979 7.831
-2.261 -1.2 8.875
-2.199 -1.131 10.065
-2.789 -0.286 10.929
-2.76 0.647 10.887
-2.588 0.996 10.083
-2.312 1.75 8.54
-1.917 2.35 6.617
-1.19 2.572 5.568
-0.244 2.763 5.356
0.59 3.28 5.32
1.186 3.788 4.753
1.257 3.719 3.907
1.157 4.088 2.87
0.757 4.085 2.238
-0.352 2.926 2.058
-0.903 4.133 1.559