0.0000 0.0000 0.0000
15.507 0.083 -5.182
14.102 0.117 -3.707
12.727 0.037 -3.026
11.394 0.059 -2.56
10.004 0.105 -2.097
8.642 0.017 -1.99
7.338 -0.225 -1.826
6.337 -0.272 -1.479
5.565 -0.262 -0.883
4.81 -0.374 -0.14
4.14 -0.457 0.451
3.743 -0.497 1.035
3.326 -0.697 1.595
2.864 -0.697 1.823
2.422 -0.601 1.917
2.197 -0.627 1.768
2.055 -0.719 1.764
1.815 -0.811 2.07
1.495 -0.73 2.639
0.863 -0.967 3.03
0.018 -0.776 3.08
-0.991 -0.465 3.056
-1.349 -0.212 2.578
-2.041 -0.156 2.295
-2.38 -0.244 2.125
-2.116 -0.297 1.947
-1.499 -0.259 2.227
-1.048 -0.147 2.918
-0.676 -0.054 3.496
-0.22 0.114 3.353
-0.293 0.154 2.94
-0.901 0.518 2.379
-1.708 0.518 2.21
-2.416 0.388 1.86
-2.398 0.634 1.553
-2.141 0.562 1.424
-2.048 0.506 1.833
-2.464 0.593 2.744
-2.51 0.706 3.383
-2.216 0.885 3.898
-1.693 1.219 3.991
-1.161 1.468 3.678
-1.037 1.674 3.129
-1.036 1.886 2.825
-0.803 1.878 2.896
-0.792 1.725 3.244
-1.101 1.604 3.488
-1.309 1.651 3.467
-1.273 1.735 3.336
-1.241 1.829 3.071
-1.056 1.603 2.816
-0.882 1.882 2.603
-0.785 2.28 2.196