0.0000 0.0000 0.0000
11.999 -1.313 -2.467
11.299 -1.043 -3.306
11.005 -0.637 -3.829
10.706 -0.617 -4.765
10.928 -0.745 -5.107
10.714 -0.929 -5.355
10.307 -1.034 -5.759
9.517 -0.999 -6.2
8.565 -0.796 -6.683
7.519 -0.613 -6.437
6.552 -0.388 -5.819
5.681 -0.22 -5.177
4.432 -0.163 -4.426
3.506 -0.13 -3.441
2.242 -0.272 -1.847
1.638 -0.408 -0.481
1.233 -0.704 0.807
0.998 -0.926 2.355
0.794 -0.868 3.438
0.482 -0.712 4.405
-0.065 -0.598 4.921
-0.584 -0.555 5.299
-1.017 -0.301 5.174
-1.467 -0.263 4.89
-1.553 0.021 4.616
-1.415 0.002 4.31
-1.308 0.105 3.922
-1.229 0.008 3.555
-1.071 -0.017 3.303
-0.895 -0.041 3.611
-0.823 -0.011 4.12
-0.87 -0.096 4.794
-1.11 0.05 5.564
-1.818 0.545 6.128
-2.498 0.482 6.127
-2.964 0.589 5.377
-2.831 0.9 4.339
-2.281 0.75 3.681
-1.846 0.753 3.072
-1.67 0.953 2.67
-1.485 0.996 2.566
-1.578 0.948 2.551
-1.739 1.043 3.011
-1.807 0.973 3.219
-1.919 0.97 3.284
-1.787 1.425 3.551
-1.41 1.592 3.446
-1.071 1.804 3.075
-0.929 1.951 2.724
-0.793 1.885 2.34
-0.731 1.783 1.959
-0.641 1.742 1.513
-0.559 1.715 1.215
-0.581 1.578 1.396
-0.781 1.558 1.678
-0.72 1.721 1.752
-0.622 1.988 1.62
-0.75 1.669 1.337
-1.106 1.95 0.893
-0.935 2.453 0.243