0.0000 0.0000 0.0000
11.413 -0.183 -3.932
10.159 -0.191 -3.573
8.954 -0.051 -3.138
8.024 -0.124 -3.118
7.316 -0.275 -3.323
6.791 -0.308 -3.447
6.534 -0.337 -3.697
6.2 -0.493 -4.026
5.701 -0.547 -4.321
5.174 -0.604 -4.32
4.622 -0.682 -3.836
3.634 -1.062 -2.746
2.701 -0.981 -1.833
2.302 -0.866 -0.547
2.089 -0.969 0.257
1.889 -1.131 0.447
1.622 -1.061 0.445
1.236 -1.032 0.487
0.724 -0.989 0.567
0.6 -0.873 0.95
0.816 -0.803 1.363
0.889 -0.783 1.83
0.611 -0.627 2.139
-0.01 -0.478 2.278
-0.741 -0.413 2.447
-1.012 -0.208 2.478
-0.868 -0.092 2.54
-0.798 -0.109 2.45
-0.882 -0.012 2.188
-0.811 0.014 1.788
-0.816 -0.21 1.695
-0.829 -0.267 1.836
-0.763 -0.266 2.152
-0.98 -0.274 2.635
-1.442 -0.22 3.294
-1.712 -0.009 3.404
-1.265 0.0 3.762
-0.724 -0.068 4.325
-0.393 -0.07 4.823
-0.251 0.229 5.186
-0.174 0.525 5.408
-0.036 0.55 5.298
0.208 0.719 5.173
0.498 0.742 5.716
0.646 0.987 6.644
1.038 1.509 7.626
1.589 1.84 8.165
2.008 2.441 7.633
2.221 2.808 6.576
2.464 2.803 4.928
2.037 3.066 3.719
1.187 4.294 3.244