0.0000 0.0000 0.0000
13.593 1.083 -11.724
12.837 0.578 -9.534
11.743 -0.108 -7.883
10.56 -0.227 -5.965
9.271 -0.402 -4.455
7.887 -0.784 -3.303
6.831 -0.982 -2.248
5.467 -1.332 -1.248
4.153 -1.569 -0.132
3.04 -1.498 0.742
2.486 -1.357 1.315
2.229 -1.333 1.571
2.014 -1.286 1.664
1.752 -1.175 1.67
1.551 -1.04 1.408
1.353 -1.039 1.422
1.088 -0.918 1.78
0.781 -0.826 2.369
0.169 -0.709 2.942
-0.382 -0.578 3.027
-0.895 -0.494 2.681
-1.012 -0.539 2.008
-0.894 -0.468 1.643
-0.899 -0.516 1.505
-0.99 -0.499 1.69
-0.874 -0.32 1.952
-0.89 -0.339 2.179
-1.197 -0.211 2.599
-1.457 -0.077 3.227
-1.69 -0.052 3.361
-1.728 0.107 3.499
-1.452 0.613 3.14
-1.108 0.974 2.482
-0.11 1.403 1.889
1.271 1.633 1.682
2.488 1.539 2.221
2.584 1.238 3.792
2.067 1.356 5.636
1.248 1.548 7.175
0.322 2.151 7.768
0.479 2.634 7.103
1.448 2.552 5.893
2.045 2.684 4.476
2.875 3.226 3.658
3.302 3.412 3.214
3.024 3.726 3.401