0.0000 0.0000 0.0000
14.774 -1.39 -3.277
12.504 -0.967 -3.406
10.969 -0.568 -3.565
10.449 -0.063 -4.26
10.473 -0.117 -4.894
9.883 -0.157 -5.034
9.429 -0.081 -4.884
8.296 -0.038 -4.103
6.984 -0.043 -3.253
6.544 -0.84 -2.91
5.622 -0.808 -1.55
4.577 -0.727 -0.826
3.921 -0.973 -0.028
3.331 -0.652 0.224
2.756 -0.793 0.339
2.11 -1.007 0.555
1.425 -0.949 0.879
1.076 -0.984 0.989
0.83 -1.015 1.183
0.635 -0.956 1.573
0.39 -0.843 1.864
-0.018 -0.862 2.402
-0.568 -0.845 2.817
-1.52 -0.743 3.052
-1.98 -1.014 3.169
-2.299 -0.904 3.55
-2.043 -0.882 3.919
-1.528 -0.846 4.148
-1.306 -0.502 4.44
-1.314 -0.254 4.47
-1.536 -0.194 4.342
-1.977 -0.002 4.175
-2.288 -0.028 4.042
-2.412 -0.102 3.948
-2.498 0.062 4.156
-2.473 0.09 4.577
-2.518 0.081 4.731
-2.568 0.245 4.74
-2.492 0.419 4.413
-2.372 0.282 4.118
-2.118 0.099 4.335
-1.94 0.166 5.014
-1.471 0.133 6.107
-0.642 0.249 6.608
0.11 0.68 6.007
1.082 1.302 4.665
1.956 1.31 3.57
2.071 1.032 2.609
1.777 1.342 2.202
1.565 1.337 1.671