0.0000 0.0000 0.0000
14.472 1.367 -4.406
12.887 1.36 -4.819
11.09 1.198 -4.337
9.265 0.888 -3.334
7.615 0.687 -2.096
6.646 0.498 -0.567
5.887 0.439 0.143
5.281 0.37 0.198
4.753 0.427 -0.036
4.346 0.341 -0.705
4.058 0.238 -1.143
3.704 0.18 -1.011
3.334 0.102 -0.29
2.88 -0.097 0.462
2.661 -0.131 1.364
2.601 -0.255 2.064
2.307 -0.428 2.478
1.843 -0.256 2.808
1.254 -0.032 2.63
0.706 0.048 2.1
0.282 0.302 1.649
-0.194 0.289 1.311
-0.976 0.441 1.232
-1.266 0.319 1.307
-1.157 0.063 1.374
-0.748 -0.123 1.314
-0.363 -0.309 1.304
-0.102 -0.287 1.837
-0.075 -0.293 2.136
-0.446 -0.056 2.353
-1.341 -0.111 2.238
-2.259 -0.203 2.092
-2.972 -0.149 1.728
-3.028 -0.142 1.4
-3.38 -0.309 1.122
-3.344 -0.476 1.07
-2.398 -0.506 1.851
-1.615 -0.542 2.708
-1.29 -0.591 3.472
-0.945 -0.601 4.142
-1.04 -0.497 4.253
-1.108 -0.413 4.56
-1.153 -0.268 4.949
-1.167 -0.173 5.402
-0.852 -0.043 5.862
-0.517 0.003 6.025
0.241 0.037 6.586
0.975 0.051 7.1
1.679 0.468 7.726
2.158 0.981 7.694
2.209 1.366 7.442
1.816 1.436 6.818
0.953 1.301 5.576
0.349 1.257 3.553