0.0000 0.0000 0.0000
16.886 1.453 -4.717
14.749 1.704 -4.021
12.834 1.792 -3.015
11.611 1.673 -2.059
10.433 1.377 -0.646
9.174 0.937 0.004
8.084 0.628 0.719
6.802 0.126 0.992
5.294 -0.093 0.556
4.161 -0.445 -0.378
3.262 -0.728 -1.055
2.031 -0.888 -1.734
1.044 -0.851 -1.776
0.491 -0.723 -1.374
0.33 -0.685 -0.918
0.211 -0.728 -0.835
0.155 -0.793 -0.941
-0.049 -1.111 -0.752
-0.26 -1.206 -0.556
-0.035 -1.111 -0.319
0.243 -1.026 0.143
0.296 -0.992 0.551
0.456 -1.074 0.573
0.445 -1.036 0.404
-0.03 -0.915 0.415
-0.914 -0.866 0.261
-1.495 -1.038 0.442
-1.604 -1.245 1.225
-1.401 -1.258 2.025
-1.605 -1.175 2.831
-1.85 -1.023 3.53
-2.027 -0.774 3.186
-1.712 -0.473 2.04
-1.075 -0.227 1.086
-0.382 0.251 0.693
0.19 0.373 0.658
0.188 0.413 1.351
-0.321 0.466 2.327
-1.073 0.575 3.379
-1.923 0.862 4.454
-2.213 1.06 5.026
-1.638 1.109 5.161
-0.724 1.188 4.981
-0.221 1.371 4.862
0.11 1.932 5.203
0.289 2.256 5.597
0.519 2.22 6.045
0.708 2.463 6.182
0.93 2.958 6.391
0.975 2.921 6.881
0.929 2.982 6.986
0.75 3.106 7.097
0.304 3.252 7.034