0.0000 0.0000 0.0000
11.645 0.281 -5.923
10.869 0.227 -5.615
10.101 0.799 -5.304
9.349 0.771 -4.885
8.655 0.288 -4.336
7.704 0.156 -3.153
6.606 0.063 -1.364
5.721 0.022 0.03
4.58 -0.091 1.484
4.294 -0.246 1.318
3.46 -0.101 1.29
2.76 0.193 0.635
2.493 0.208 0.183
2.416 0.049 -0.153
2.381 -0.093 0.06
2.445 -0.126 0.502
2.485 -0.226 0.753
2.227 -0.272 0.885
2.177 -0.322 1.288
1.968 -0.368 1.702
1.814 -0.339 2.135
1.581 -0.202 2.344
1.13 -0.07 2.402
0.413 0.109 2.188
-0.006 0.27 2.012
-0.695 0.372 1.914
-1.298 0.206 1.99
-1.685 -0.012 1.92
-1.327 -0.002 1.995
-0.591 0.075 2.072
0.045 0.076 1.994
0.221 0.12 1.906
-0.145 0.306 1.785
-0.673 0.577 1.666
-1.226 0.373 1.465
-1.569 0.12 1.336
-1.912 -0.115 1.469
-2.195 -0.095 2.227
-2.475 -0.094 3.28
-2.366 -0.093 4.116
-2.146 -0.024 4.609
-1.957 -0.09 4.484
-1.77 -0.09 4.355
-1.576 0.091 4.35
-1.341 0.357 4.622
-1.215 -0.005 4.711
-0.801 0.874 4.852