0.0000 0.0000 0.0000
11.421 0.41 -3.475
11.512 0.559 -4.481
11.515 0.486 -5.524
11.364 0.403 -5.506
10.667 0.311 -5.041
9.023 0.435 -4.046
7.405 0.701 -3.021
6.311 0.502 -2.339
5.731 0.529 -2.123
5.555 0.614 -2.358
5.301 0.553 -2.545
4.736 0.48 -2.713
4.142 0.389 -2.786
3.443 0.264 -2.318
2.918 0.031 -1.629
2.48 -0.265 -0.759
2.145 -0.462 0.134
1.879 -0.588 0.638
1.614 -0.641 0.807
1.271 -0.707 0.95
1.247 -0.696 1.053
1.26 -0.627 1.25
1.074 -0.822 1.4
0.493 -1.145 1.838
-0.073 -1.35 2.499
-0.143 -1.516 3.335
-0.224 -1.589 4.096
-0.124 -1.43 4.91
0.008 -0.933 5.298
-0.026 -0.599 5.76
-0.144 -0.271 5.735
-0.25 0.143 5.325
-0.363 0.352 4.646
-0.956 0.395 3.811
-1.326 0.614 3.499
-1.408 0.604 3.226
-1.181 0.509 2.835
-1.063 0.51 2.793
-1.207 0.467 2.608
-1.534 0.481 2.494
-1.536 0.51 2.374
-1.486 0.459 2.403
-1.958 0.284 2.672
-2.632 0.178 2.87
-3.093 0.108 3.152
-3.335 0.184 3.241
-2.864 0.303 3.064
-2.138 0.299 2.861
-1.553 0.424 2.669
-1.286 0.562 2.618
-1.416 0.704 2.925
-1.938 0.867 3.227
-2.089 1.22 3.249
-2.182 1.416 3.605
-2.101 1.464 4.089
-1.727 1.421 4.258
-1.399 1.339 4.065
-1.113 1.249 3.658
-0.769 1.175 3.06
-0.295 1.109 2.254
0.173 1.085 1.33
0.423 1.088 0.714
0.492 1.1 0.41
0.236 1.111 0.3
-0.054 1.215 0.175
-0.565 1.274 -0.074
-0.871 1.095 -0.446
-0.887 1.425 -0.867
-0.617 1.326 -1.34