0.0000 0.0000 0.0000
10.663 1.238 -3.82
10.208 1.235 -4.705
10.92 1.801 -5.26
11.586 1.655 -4.95
11.333 1.024 -4.489
10.053 0.896 -3.945
7.97 0.996 -3.189
6.225 1.025 -2.525
4.913 0.707 -1.548
3.844 0.524 -0.523
3.098 0.394 0.33
2.745 0.191 0.797
2.634 -0.017 0.683
2.612 -0.187 0.132
2.385 -0.246 -0.372
2.233 -0.265 -0.533
2.027 -0.367 -0.454
1.901 -0.253 0.073
2.004 -0.383 0.514
2.037 -0.612 1.092
1.712 -0.602 1.586
1.377 -0.619 2.143
1.231 -0.704 2.394
1.202 -0.728 2.585
1.237 -0.69 2.87
1.476 -0.69 3.117
1.293 -0.767 3.616
0.535 -0.716 4.133
-0.104 -0.584 4.789
-0.792 -0.509 4.93
-1.023 -0.234 4.903
-0.963 -0.038 4.343
-0.867 -0.051 3.849
-0.789 0.005 3.757
-0.701 0.142 3.795
-0.623 0.128 3.734
-0.664 0.055 3.412
-1.063 0.187 2.968
-1.508 0.306 2.378
-1.797 0.284 2.002
-2.16 0.135 2.19
-2.418 0.182 2.608
-2.676 0.457 2.641
-2.486 0.669 2.152
-2.03 0.732 1.256
-1.612 0.891 0.372
-1.52 1.018 -0.112
-1.514 1.148 0.131
-1.768 1.034 1.453
-2.47 0.887 2.86
-3.223 1.065 4.685
-3.211 1.657 5.251
-3.295 1.129 5.053
-3.086 1.275 3.85
-2.605 1.897 2.249
-1.905 1.837 1.197
-0.826 1.601 0.819
-0.33 1.553 1.004
-0.15 1.484 1.231
-0.127 1.37 1.358
-0.183 1.164 1.343
-0.337 0.927 1.2
-0.355 1.748 0.778