0.0000 0.0000 0.0000
9.758 2.048 0.816
9.739 1.964 -0.032
9.239 1.586 -0.666
9.194 0.807 -1.263
8.766 0.313 -1.826
8.734 0.454 -3.118
8.352 0.425 -3.909
7.93 -0.254 -4.751
7.275 -0.556 -5.06
6.418 -0.595 -5.183
5.647 -0.682 -5.406
4.936 -0.735 -5.391
4.425 -0.937 -5.145
3.991 -1.334 -4.639
3.48 -1.322 -4.106
2.959 -1.681 -3.351
2.543 -1.883 -2.516
2.15 -1.91 -1.488
1.496 -2.167 -0.908
0.76 -2.459 -0.369
0.201 -2.661 0.244
-0.378 -2.654 0.556
-0.702 -2.509 0.948
-0.787 -2.542 1.448
-0.855 -2.443 1.932
-0.864 -2.294 2.739
-0.95 -2.34 3.534
-0.915 -2.166 4.482
-0.781 -1.82 5.033
-0.789 -1.397 5.788
-0.968 -0.973 6.08
-1.121 -0.755 6.403
-1.147 -0.584 6.693
-1.11 -0.285 7.084
-0.827 0.2 7.307
-0.408 0.869 6.912
0.218 1.282 6.66
0.567 1.818 6.641
0.933 2.136 6.545
1.425 2.138 6.761
1.826 2.786 7.413
2.402 3.61 7.275
2.377 3.706 6.538
2.001 3.758 5.971
1.594 3.908 5.167
0.909 3.75 4.65
0.439 3.831 4.082
0.317 3.957 3.372
-0.093 3.837 2.44
-0.73 3.694 1.558
-0.976 3.368 0.325
-1.352 2.445 -1.069
-1.958 1.83 -1.789