0.0000 0.0000 0.0000
9.378 1.091 -5.13
8.458 0.887 -5.358
8.439 0.186 -4.9
8.759 0.211 -4.298
9.46 0.086 -4.127
9.333 -0.068 -4.266
8.839 0.222 -4.925
7.998 0.312 -5.484
7.13 0.186 -5.668
6.115 -0.073 -4.92
5.141 -0.195 -3.558
4.489 -0.262 -2.323
3.997 -0.425 -1.315
3.511 -0.71 -0.519
2.91 -1.07 1.488
2.326 -0.98 1.615
2.361 -1.063 1.712
1.719 -1.086 1.308
1.03 -1.296 1.625
0.091 -1.123 2.256
-0.21 -1.054 2.806
-0.568 -1.268 2.939
-0.925 -1.218 3.61
-1.005 -1.355 4.706
-1.051 -1.323 5.864
-1.049 -1.251 6.924
-1.022 -1.221 8.248
-0.971 -1.133 9.13
-1.124 -0.709 9.786
-1.279 -0.345 9.781
-1.461 0.352 8.984
-1.875 0.774 7.43