0.0000 0.0000 0.0000
12.412 -0.933 -8.009
11.637 -1.176 -6.544
10.731 -0.886 -5.985
9.546 -1.151 -4.938
8.445 -1.001 -4.039
7.187 -1.16 -3.523
6.339 -1.345 -2.921
5.688 -1.357 -2.129
5.102 -1.437 -1.097
4.54 -1.586 -0.272
3.853 -1.85 0.159
2.899 -1.889 0.247
2.23 -1.519 -0.087
2.007 -1.367 -0.087
1.771 -1.316 0.257
1.499 -1.288 0.593
1.28 -1.28 0.879
0.756 -1.367 1.541
0.077 -1.188 2.067
-0.344 -1.198 2.8
-0.551 -1.311 3.149
-0.539 -1.266 3.205
-0.347 -0.898 3.514
-0.45 -0.791 3.843
-0.775 -0.695 3.898
-0.939 -0.547 3.586
-0.862 -0.208 3.201
-0.397 0.131 2.864
-0.331 0.23 3.034
-0.703 0.482 3.946
-1.167 0.848 4.706
-1.861 0.953 5.365
-2.123 1.202 5.595
-2.005 1.832 5.234
-1.563 2.166 4.547
-0.614 2.32 3.989
-0.027 2.312 3.805
0.225 2.33 4.002
-0.064 2.485 4.688
-0.48 2.831 4.866
-0.949 2.97 4.818
-1.061 2.88 4.949
-0.722 2.696 5.014
-0.236 2.581 4.607
0.011 2.625 4.164
0.234 2.948 3.877
0.486 2.869 3.653
0.713 2.763 3.804
0.814 2.556 4.208
0.957 2.731 4.201
0.732 2.38 3.419