0.0000 0.0000 0.0000
15.076 0.445 -3.148
14.18 -0.038 -4.186
12.891 0.102 -5.172
11.525 0.256 -5.362
10.32 0.101 -5.239
9.297 0.125 -4.241
8.384 0.208 -2.852
7.554 0.083 -1.403
6.687 -0.131 -0.582
5.329 -0.23 0.329
4.072 -0.207 1.227
3.63 -0.307 1.251
3.448 -0.336 1.151
3.405 -0.441 0.795
3.237 -0.664 0.362
2.516 -0.623 0.343
1.868 -0.561 0.705
1.216 -0.772 1.152
0.586 -1.031 1.941
-0.454 -1.445 2.592
-1.323 -1.171 3.186
-1.501 -0.83 3.919
-2.031 -0.531 4.173
-2.13 -0.09 3.816
-1.969 0.099 2.9
-1.858 0.365 2.179
-2.034 0.423 1.78
-2.339 0.355 1.714
-2.614 0.431 1.698
-2.706 0.423 1.7
-2.745 0.449 1.763
-2.85 0.603 2.104
-2.487 0.654 2.411
-1.98 0.787 2.609
-1.661 0.915 2.641
-1.65 1.013 2.558
-1.244 1.033 2.509
-0.878 0.903 2.43
-0.557 0.839 2.463
-0.243 0.755 2.562
-0.072 0.671 2.685
-0.168 0.44 2.95
-0.367 0.585 3.302
-0.192 0.656 3.575
0.11 0.694 3.907
0.246 0.866 3.973
0.299 1.064 4.136
0.26 0.983 4.153
0.226 0.997 4.083
0.151 1.061 3.821
0.015 1.058 3.62
-0.037 1.047 3.154
-0.395 0.813 2.847
-0.562 2.395 2.02