0.0000 0.0000 0.0000
13.533 0.436 -5.682
12.257 0.496 -3.855
11.126 0.463 -2.28
10.16 0.365 -0.552
8.98 0.536 1.036
8.453 0.396 0.708
7.694 -0.1 0.396
6.579 -0.081 0.098
5.663 -0.176 -0.247
4.941 -0.245 0.13
4.283 -0.246 0.815
3.734 -0.256 1.233
3.551 -0.196 1.334
3.342 -0.133 1.356
3.042 -0.171 1.289
2.764 -0.18 1.341
2.427 -0.231 1.56
1.676 -0.415 1.973
0.689 -0.451 2.241
-0.249 -0.302 2.267
-0.707 -0.134 2.17
-1.481 -0.06 1.987
-2.057 -0.089 1.53
-2.403 -0.114 1.256
-2.473 -0.068 1.191
-2.389 -0.053 1.27
-2.254 -0.022 1.522
-1.968 0.031 1.818
-1.857 0.088 1.955
-2.102 0.226 2.078
-2.59 0.453 1.905
-2.952 0.658 1.594
-3.449 0.765 1.21
-3.354 0.722 0.934
-3.105 0.823 1.211
-2.657 0.947 1.685
-2.115 0.895 2.447
-1.611 0.806 2.866
-0.958 0.984 3.165
-0.362 0.963 3.245
-0.205 0.789 3.679
-0.228 0.977 4.44
-0.265 1.104 5.281
-0.17 1.088 5.563
0.208 1.246 5.351
0.972 1.604 4.859
1.59 1.823 4.382
1.75 2.08 4.271
1.488 2.07 4.275
0.891 1.769 4.295
0.345 1.661 3.487
-0.007 1.555 2.285
-0.868 1.468 0.91
-0.833 1.296 -1.094