0.0000 0.0000 0.0000
13.748 0.264 -4.467
12.779 0.685 -4.735
11.518 1.091 -4.322
10.254 0.896 -3.243
9.47 0.703 -2.221
8.747 0.581 -1.585
8.045 0.41 -1.409
7.145 0.292 -1.656
6.232 0.202 -1.646
5.282 -0.145 -1.515
4.374 -0.113 -0.976
3.842 -0.033 -0.094
3.501 -0.21 0.682
3.357 -0.146 0.863
3.194 -0.183 0.734
2.625 -0.398 0.333
2.121 -0.323 -0.096
1.822 -0.368 -0.483
1.433 -0.581 -0.624
0.764 -0.903 0.075
0.257 -1.114 1.007
-0.509 -1.097 2.165
-0.932 -0.763 2.905
-1.011 -0.773 3.33
-1.341 -0.704 3.307
-1.698 -0.263 2.571
-1.606 -0.22 1.823
-1.463 -0.224 1.278
-1.42 -0.261 1.349
-1.295 -0.296 1.809
-1.226 -0.369 2.498
-1.517 -0.341 2.809
-1.839 -0.16 3.071
-1.983 -0.093 3.177
-2.207 0.019 2.903
-2.615 0.043 2.207
-2.81 0.349 1.754
-2.452 0.4 1.578
-1.56 0.239 1.343
-0.887 0.207 2.001
-0.367 0.109 2.723
-0.296 0.115 3.813
-0.887 0.284 4.569
-2.031 0.359 4.897
-3.198 0.384 5.002
-3.852 0.38 4.424
-3.398 0.661 4.016
-2.188 1.008 3.959
-0.805 0.959 4.089
-0.147 0.958 4.602
0.306 1.009 4.935
-0.016 1.037 4.777
-1.066 0.761 5.308
-2.201 1.34 5.656