0.0000 0.0000 0.0000
11.301 0.41 -3.725
12.136 -0.423 -4.37
12.068 -0.811 -4.191
11.456 -1.023 -4.496
10.474 -1.61 -4.736
8.832 -1.699 -4.659
7.268 -1.503 -4.857
6.153 -1.362 -4.664
5.279 -1.441 -4.137
4.562 -1.693 -3.43
4.157 -1.429 -2.699
3.828 -1.398 -2.309
3.16 -1.922 -1.828
2.06 -1.85 -1.567
0.966 -1.596 -1.29
0.611 -1.514 -0.739
0.403 -1.682 0.076
-0.352 -1.72 0.904
-1.006 -1.522 1.357
-1.44 -1.594 1.979
-1.468 -1.719 2.824
-1.33 -1.944 3.421
-1.145 -2.189 4.294
-1.048 -2.039 4.942
-0.9 -1.671 5.646
-0.456 -1.599 5.952
0.019 -1.396 7.468
1.215 -1.308 7.307
1.378 -0.901 7.878
1.249 -0.423 7.9
0.995 0.178 8.188
0.628 0.643 7.921
0.401 0.941 6.999
0.266 1.39 6.282
0.231 1.837 6.085
0.389 1.903 5.528
0.591 2.256 4.915
0.644 2.487 4.389
0.304 2.005 4.045
0.299 2.986 3.252