0.0000 0.0000 0.0000
13.093 0.048 -4.156
12.482 0.173 -3.922
11.716 -0.016 -3.676
10.717 -0.118 -3.05
9.456 -0.184 -2.279
7.881 -0.355 -1.689
6.645 -0.733 -1.098
5.42 -0.858 -1.023
4.611 -0.807 -1.093
4.115 -0.821 -1.328
3.979 -0.816 -1.497
4.245 -0.709 -1.373
4.113 -0.655 -1.063
3.918 -0.744 -0.664
3.586 -0.627 -0.089
3.09 -0.685 0.626
2.608 -0.521 1.098
2.106 -0.504 1.608
1.206 -0.298 1.732
0.749 -0.001 1.602
0.459 0.007 1.347
0.137 0.101 1.29
-0.221 0.185 1.514
-0.457 0.279 1.664
-0.523 0.268 1.661
-0.531 0.207 1.702
-0.573 0.048 2.092
-0.679 0.207 2.478
-0.767 0.367 2.54
-1.069 0.52 2.139
-1.143 0.58 1.727
-1.149 0.479 1.442
-1.474 0.207 1.858
-1.585 -0.244 2.646
-1.211 -0.237 3.7
-1.021 0.045 4.201
-1.005 0.316 4.048
-1.482 0.431 3.445
-2.058 0.5 2.756
-2.697 0.57 2.497
-2.78 0.496 2.42
-2.468 0.352 2.867
-2.204 0.118 3.718
-2.026 0.089 4.441
-1.901 0.278 5.152
-1.728 0.397 5.369
-1.504 0.4 4.944
-1.31 0.455 4.717
-1.041 0.513 4.909
-0.609 0.582 4.952
-0.118 0.739 5.233
0.229 0.959 5.08
0.336 1.328 4.848
0.121 1.54 4.906
-0.485 1.567 4.976
-1.014 1.479 4.573
-0.999 0.943 3.65
-0.743 1.228 2.147
0.313 1.235 0.347