0.0000 0.0000 0.0000
11.016 2.358 -1.105
9.802 1.881 -1.968
8.934 1.658 -2.332
8.067 1.492 -1.883
7.113 1.214 -1.057
6.04 0.903 0.065
4.919 0.709 1.11
4.177 0.604 1.318
3.811 0.474 1.126
3.8 0.41 0.703
4.144 0.205 0.176
4.29 -0.03 -0.712
4.697 -0.07 -1.39
5.098 -0.02 -2.027
5.183 -0.113 -2.272
5.095 -0.455 -2.08
4.577 -0.375 -1.578
3.938 -0.303 -0.809
3.424 -0.35 -0.331
2.849 -0.401 -0.057
2.383 -0.439 0.026
1.679 -0.696 0.057
0.796 -1.006 0.224
0.182 -1.009 0.857
-0.292 -1.115 1.409
-0.582 -1.176 1.949
-0.963 -1.273 2.59
-1.462 -1.034 2.994
-1.755 -0.87 2.936
-1.898 -0.757 2.582
-1.967 -0.733 2.022
-1.943 -0.901 1.131
-2.153 -0.966 1.276
-2.119 -0.844 2.157
-1.812 -0.906 3.372
-1.571 -0.669 4.431
-1.31 -0.352 5.151
-1.11 0.079 4.964
-0.99 0.485 4.64
-1.115 0.703 4.236
-1.306 0.909 3.718
-1.347 1.042 3.406
-1.23 0.903 3.35
-1.046 0.908 3.885
-0.916 0.989 4.307
-0.971 1.02 4.738
-1.322 1.211 4.919
-1.534 1.46 4.763
-1.424 1.642 4.356
-1.29 1.555 3.627
-1.213 2.106 2.747
-1.1 2.999 1.774