0.0000 0.0000 0.0000
11.964 2.117 2.652
9.854 2.181 2.456
8.024 2.282 1.796
6.851 1.786 1.125
6.726 1.452 -0.193
6.777 1.307 -1.518
7.522 0.987 -2.194
8.416 0.767 -2.629
8.97 0.346 -2.556
8.797 0.32 -1.99
8.107 -0.418 -2.075
6.693 -0.816 -1.989
5.765 -0.682 -1.298
4.921 -0.649 -0.746
3.955 -0.704 -0.594
3.189 -0.755 -0.698
3.732 -0.912 -0.663
3.902 -1.631 -0.441
3.598 -2.381 -0.182
2.617 -2.505 0.284
0.873 -2.272 0.893
-0.351 -2.631 1.674
-1.617 -2.867 2.67
-2.266 -2.288 2.964
-2.444 -1.576 3.469
-1.657 -1.513 4.07
-1.008 -2.181 3.904
-0.752 -2.1 3.677
-0.927 -2.14 3.491
-2.222 -2.159 3.064
-4.267 -2.098 2.904
-5.409 -1.466 3.217
-6.117 -1.216 3.731
-6.187 -1.034 4.065
-5.982 -0.767 3.977
-5.814 -0.664 4.14
-5.948 -0.787 4.941
-6.017 -0.536 6.317
-6.363 0.499 7.039
-6.304 0.69 7.378
-5.933 0.716 6.95
-5.65 0.929 6.229
-5.584 1.457 5.641
-5.293 1.595 5.111
-5.031 1.634 4.746
-4.898 1.703 4.746
-4.658 1.705 5.03
-4.296 1.75 5.225
-3.858 1.782 4.832
-3.412 1.974 4.124