0.0000 0.0000 0.0000
11.49 -1.226 -4.165
10.789 -0.5 -3.938
10.115 -0.045 -3.717
9.647 0.027 -3.646
8.846 -0.009 -3.945
7.677 0.112 -4.059
6.737 0.144 -3.843
6.278 0.112 -3.614
6.194 0.075 -3.356
5.721 0.041 -3.193
5.149 -0.039 -3.089
4.539 -0.053 -2.909
3.99 -0.073 -2.429
3.531 -0.126 -2.056
3.333 -0.062 -1.704
3.137 -0.168 -1.508
2.97 -0.228 -1.426
2.776 -0.352 -1.447
2.404 -0.567 -1.078
1.939 -0.837 -0.281
1.194 -1.047 1.031
0.376 -1.261 2.022
-0.41 -1.281 3.027
-0.869 -1.145 3.681
-1.153 -1.064 4.2
-1.262 -0.984 4.28
-0.972 -0.98 4.145
-0.512 -0.865 3.843
-0.34 -0.753 3.588
-0.203 -0.686 3.125
-0.226 -0.591 2.683
-0.315 -0.524 2.639
-0.766 -0.471 3.134
-1.586 -0.433 3.863
-2.306 -0.475 5.028
-2.774 -0.445 6.146
-3.22 -0.306 6.755
-3.183 0.129 6.528
-2.744 0.53 5.961
-1.72 0.865 5.106
-0.168 1.407 4.561
1.209 1.551 4.501
1.45 1.775 4.594
0.986 1.865 4.368
0.043 2.135 4.077
-0.865 1.835 4.075
-1.615 1.583 4.219
-1.996 1.588 4.193
-2.072 1.61 4.067
-1.693 1.811 3.876
-1.213 1.889 3.54
-0.971 1.932 2.781
-0.702 2.179 1.753
-0.657 2.555 1.189