0.0000 0.0000 0.0000
10.283 0.091 -2.501
10.591 0.142 -2.742
11.17 0.438 -2.563
11.259 0.515 -1.996
10.866 0.291 -1.469
9.426 0.176 -1.012
7.595 0.227 -0.962
6.086 -0.036 -1.564
4.745 -0.058 -2.037
4.012 -0.095 -2.144
3.55 -0.137 -2.033
3.324 -0.313 -1.829
3.095 -0.411 -1.388
2.82 -0.413 -0.913
2.573 -0.484 -0.502
2.246 -0.815 -0.194
1.789 -0.871 0.178
1.265 -0.887 0.54
0.897 -0.997 0.736
0.816 -0.863 0.946
0.709 -1.009 1.153
0.672 -0.848 1.09
0.674 -0.556 0.67
0.787 -0.724 0.345
0.924 -0.773 0.258
0.832 -0.85 0.586
0.111 -0.989 1.579
-0.374 -0.968 2.257
-0.862 -0.854 2.66
-1.198 -0.519 2.489
-1.328 -0.243 2.051
-1.687 -0.658 1.802
-2.104 -0.704 1.657
-2.29 -0.625 2.077
-1.423 -0.502 2.386
-0.358 -0.426 1.984
-0.055 -0.435 1.699
-0.119 -0.469 1.926
-0.503 -0.457 2.767
-1.255 -0.635 4.051
-1.905 -0.882 4.99
-2.387 -0.733 5.284
-2.553 -0.375 4.997
-1.953 -0.208 4.592
-1.059 -0.101 4.443
-0.091 0.097 4.542
1.46 0.519 4.82
2.684 0.312 5.321
3.441 0.117 5.831
2.813 0.208 6.507
1.575 0.679 6.882
0.771 1.3 5.943
0.082 1.67 4.789
-0.624 2.029 3.862
-1.268 2.722 2.95
-1.408 3.174 2.379