0.0000 0.0000 0.0000
15.136 -0.511 0.945
13.502 -0.374 0.687
11.893 -0.035 0.308
10.669 0.089 0.105
9.895 0.028 -0.06
9.121 -0.155 -0.218
8.338 -0.139 -0.248
7.728 -0.031 -0.257
7.033 -0.303 -0.266
6.313 -0.764 -0.05
5.483 -1.076 0.127
4.271 -1.476 0.338
3.085 -1.424 0.623
2.415 -1.247 0.793
2.199 -1.019 0.637
2.195 -0.83 0.452
2.139 -0.739 0.2
1.882 -1.208 0.008
1.228 -1.845 0.291
0.338 -1.902 0.969
-0.832 -2.057 1.605
-1.43 -2.204 1.944
-1.433 -2.26 2.62
-1.618 -2.137 3.409
-0.792 -3.527 2.284
-0.971 -4.044 2.288
-1.719 -5.062 2.068
-3.702 -5.728 2.396
-4.349 -6.207 2.432
-3.948 -6.258 3.576
-2.252 -6.494 4.486
-0.665 -6.974 5.52
-3.149 -6.751 8.165
-9.902 -3.903 11.451
-18.281 0.908 13.099
-23.486 5.169 12.72
-23.758 7.436 10.862
-18.822 7.529 7.5
-10.992 6.388 4.423
-3.42 5.327 0.602
1.101 4.536 -1.405
2.387 3.961 -0.679
1.528 3.669 2.103
0.47 3.259 4.323
-0.309 3.045 4.908
-0.398 2.68 4.443
-0.048 2.3 3.344
0.68 2.113 1.475
1.732 1.97 -0.111
2.438 2.066 -1.332
1.944 2.196 -1.708
0.836 2.804 -1.769
0.356 2.877 -2.17
0.036 2.701 -2.229
-0.217 2.405 -1.971
-0.143 1.854 -1.714