0.0000 0.0000 0.0000
10.697 2.039 -4.958
9.774 1.74 -4.807
8.9 1.773 -4.128
8.182 1.544 -3.008
8.166 1.14 -2.561
8.099 0.819 -2.167
7.703 0.608 -1.76
7.337 0.9 -2.084
6.785 0.707 -2.626
6.244 0.507 -3.053
5.62 0.18 -2.79
4.911 -0.035 -2.442
4.265 -0.152 -1.802
3.795 -0.275 -1.147
3.355 -0.773 -0.653
2.718 -0.989 0.299
1.86 -0.942 1.208
1.398 -1.063 1.631
0.914 -1.112 1.812
0.477 -1.035 1.933
0.223 -1.052 2.317
-0.066 -1.223 2.818
-0.378 -1.204 3.286
-0.564 -1.126 3.595
-0.249 -1.109 4.011
-0.017 -1.084 4.291
-0.024 -1.182 5.025
-0.099 -1.142 5.591
-0.339 -1.424 6.325
-0.917 -1.212 6.985
-1.463 -0.703 7.64
-1.825 -0.357 7.669
-1.703 -0.089 7.212
-1.619 0.1 6.784
-1.655 0.34 6.64
-1.636 0.565 6.648
-1.774 0.698 6.854
-2.166 0.895 6.763
-2.682 1.159 6.604
-3.482 1.44 6.357