0.0000 0.0000 0.0000
14.257 -1.821 -11.655
12.348 -1.803 -11.136
10.846 -1.122 -10.401
9.727 -0.536 -8.456
8.806 -0.741 -6.438
7.891 -1.038 -4.424
6.783 -1.244 -3.059
5.363 -1.214 -2.297
4.465 -1.257 -1.403
3.82 -1.536 -0.694
3.085 -1.667 0.159
2.457 -1.276 1.246
2.005 -1.338 1.837
1.528 -1.747 2.153
0.763 -1.564 2.481
0.773 -1.192 2.905
1.299 -1.185 2.666
1.359 -0.937 2.27
1.275 -0.524 2.138
1.311 -0.411 2.364
1.076 -0.491 2.575
0.52 -0.287 2.981
-0.453 -0.103 3.338
-1.269 -0.351 3.427
-1.47 -0.066 3.463
-0.909 0.216 3.608
0.0 0.409 3.471
0.25 0.377 2.805
-0.024 0.451 2.275
-0.772 0.38 2.427
-1.453 0.299 3.287
-2.204 0.269 4.251
-2.57 0.415 4.679
-2.976 0.804 4.875
-3.17 1.12 4.896
-2.965 1.379 4.932
-2.056 1.741 4.74
-0.463 1.748 3.585
1.142 1.814 3.391
2.209 2.064 4.163
2.677 2.038 5.204
2.418 1.946 6.278
1.564 2.088 6.529
0.736 2.508 6.049
0.602 2.499 5.469
1.059 2.628 4.457
1.806 3.115 3.313
2.289 3.01 2.835
2.913 3.83 2.948