0.0000 0.0000 0.0000
13.645 1.074 -10.302
11.384 0.492 -7.755
9.332 0.21 -5.988
7.864 0.232 -4.76
6.914 0.175 -3.913
6.128 0.054 -3.41
5.489 0.04 -2.698
5.0 -0.032 -2.066
4.733 -0.098 -1.653
4.613 -0.183 -1.203
4.324 -0.199 -0.54
4.124 -0.222 0.16
4.229 -0.2 0.523
4.668 -0.025 1.031
4.675 0.046 1.798
4.32 0.11 2.446
3.681 0.332 3.287
3.149 0.402 3.588
2.774 0.508 3.367
2.419 0.742 2.789
2.056 0.728 2.156
1.816 0.595 2.122
1.539 0.458 2.452
0.774 0.222 2.819
0.282 0.071 2.96
-0.365 0.02 2.957
-0.699 0.079 2.885
-0.793 0.26 3.036
-0.878 0.381 3.129
-1.393 0.403 3.566
-2.081 0.328 3.752
-2.709 0.209 3.98
-2.524 0.033 4.246
-2.134 -0.038 4.08
-1.748 0.197 3.965
-1.341 0.169 3.792
-1.077 0.169 3.896
-1.012 0.204 3.885
-1.196 0.158 3.738
-1.593 0.15 3.933
-2.037 0.153 4.247
-2.238 -0.017 4.554
-2.221 0.036 4.797
-2.241 0.084 5.11
-2.516 0.549 4.953
-2.808 1.253 4.087