0.0000 0.0000 0.0000
14.938 1.944 -8.285
13.616 1.828 -7.603
12.625 1.559 -7.032
11.535 0.998 -6.57
10.261 0.993 -5.698
8.554 0.919 -4.8
6.793 0.577 -4.001
5.416 0.192 -2.972
4.021 -0.231 -2.037
3.153 -0.691 -1.618
2.441 -1.01 -1.327
1.827 -1.107 -0.728
1.446 -1.229 -0.285
1.172 -1.433 0.07
1.141 -1.385 0.089
1.052 -1.591 0.321
0.818 -1.682 0.91
1.029 -1.333 1.241
1.323 -1.768 1.496
0.777 -1.574 1.657
-0.033 -1.408 1.758
-0.753 -1.414 1.867
-0.98 -1.436 2.128
-0.606 -1.31 2.122
-0.132 -1.394 1.901
-0.015 -1.349 1.952
-0.039 -0.904 2.404
-0.147 -0.633 3.284
-1.012 -0.664 3.688
-1.919 -0.46 4.034
-2.537 -0.302 3.967
-2.688 -0.073 3.372
-2.402 0.355 2.75
-1.576 0.596 2.329
-0.324 0.588 1.88
0.845 0.719 2.011
1.476 0.716 2.681
1.251 0.799 3.317
0.695 1.185 4.227
-0.149 1.247 4.519
-0.979 1.329 4.619
-1.269 1.705 4.821
-0.901 1.776 4.52
0.378 2.219 3.456
1.642 2.359 3.317
2.296 2.338 3.882
2.851 2.199 3.976
2.686 2.152 4.216
2.194 2.221 4.303
1.5 2.188 4.398
1.066 2.288 4.415
0.976 2.301 4.37
0.629 2.321 4.235
0.678 2.468 3.544