0.0000 0.0000 0.0000
14.05 -1.08 -2.476
13.834 -0.713 -2.943
13.373 -0.745 -2.908
13.113 -0.766 -2.875
12.448 -0.068 -3.157
11.505 0.067 -3.694
9.958 -0.327 -4.049
8.04 -0.397 -3.98
6.227 -0.228 -3.591
4.898 -0.042 -2.938
3.538 0.022 -2.033
2.623 -0.083 -1.286
2.189 -0.031 -0.683
2.021 -0.235 -0.486
2.043 -0.427 -0.463
1.968 -0.479 -0.313
1.677 -0.578 -0.032
1.328 -0.391 0.462
1.005 -0.343 0.95
0.362 -0.489 1.406
-0.466 -0.708 1.645
-1.187 -0.878 1.773
-1.43 -0.937 2.113
-1.434 -0.955 2.359
-1.428 -0.834 2.45
-1.182 -0.69 2.352
-0.96 -0.75 2.341
-0.864 -0.675 2.331
-0.786 -0.418 2.391
-0.759 -0.23 2.746
-0.795 -0.301 3.351
-1.354 -0.004 3.515
-2.037 0.168 3.991
-2.687 -0.15 3.945
-3.047 -0.152 3.921
-3.509 0.026 3.779
-3.434 0.592 3.694
-3.073 1.067 3.075
-2.706 1.099 2.673
-2.452 1.282 3.483
-2.25 1.464 4.6
-2.577 1.274 5.269
-3.224 1.017 5.561
-3.315 0.778 5.211
-2.622 0.89 4.613
-1.472 0.956 4.203
-0.532 1.11 4.369
0.262 1.318 4.811
0.486 1.548 4.856
0.239 1.635 4.62
-0.525 1.393 4.304
-1.835 1.185 4.555
-2.573 1.782 4.134
-2.885 1.354 3.367