0.0000 0.0000 0.0000
14.171 -1.364 -6.19
13.141 -0.745 -6.088
12.525 -0.714 -5.902
11.643 -0.815 -5.837
10.548 -0.578 -5.667
9.553 -0.408 -5.506
8.676 -0.212 -5.593
7.696 -0.174 -5.352
6.651 -0.32 -4.188
5.21 -0.555 -2.743
4.266 -0.568 -1.099
3.547 -0.555 0.467
2.942 -0.551 1.636
2.493 -0.418 2.437
2.183 -0.307 2.9
1.904 -0.165 2.817
1.481 -0.2 2.621
0.704 -0.145 2.385
0.125 -0.07 2.224
-0.387 -0.218 2.019
-0.52 -0.179 1.946
-0.468 -0.23 2.105
-0.637 -0.38 2.472
-0.763 -0.393 2.914
-1.031 -0.621 3.286
-1.402 -0.309 3.527
-1.469 -0.45 3.484
-1.434 -0.414 3.36
-1.549 -0.416 3.481
-2.178 -0.641 4.15
-2.676 -0.62 4.993
-3.029 -0.593 5.752
-3.269 -0.369 6.151
-3.002 0.184 6.122
-2.702 0.458 5.69
-2.466 0.749 4.958
-2.254 1.199 4.393
-1.917 1.373 3.66
-0.863 1.39 2.7
0.205 1.208 2.033
0.521 1.294 2.864
0.089 1.104 4.534
-0.6 1.123 5.994
-1.402 1.33 6.705
-1.52 1.378 6.232
-1.333 1.214 4.808
-0.898 1.489 3.491
-0.265 1.762 2.288
0.217 1.793 1.603
0.635 1.726 1.184
0.606 1.544 1.22
0.304 1.597 1.159