0.0000 0.0000 0.0000
-0.533 0.427 4.074
-0.264 0.445 2.83
-0.22 0.452 2.349
-0.095 0.709 1.787
-0.059 0.801 1.255
0.041 0.782 0.827
0.036 0.643 0.124
-0.078 0.492 -0.224
-0.165 0.572 -0.624
-0.088 0.455 -0.785
-0.028 0.366 -0.819
0.103 0.217 -0.788
0.153 0.135 -0.804
0.155 0.139 -0.724
0.165 0.082 -0.6
0.226 -0.02 -0.479
0.342 -0.311 -0.38
0.575 -0.349 -0.109
0.983 -0.245 0.177
1.246 -0.332 0.556
1.604 -0.454 1.138
1.642 -0.443 1.558
1.452 -0.416 2.014
1.177 -0.504 2.778
0.465 -0.238 3.371
-0.02 -0.085 3.792
-0.337 -0.257 4.059
-0.519 -0.188 4.386
-0.303 -0.118 5.163
0.717 -0.201 5.991
1.258 -0.275 7.055
1.244 -0.024 8.642
1.076 -0.039 10.019
0.926 -0.155 11.482
0.161 -0.183 12.092
-0.837 0.033 11.219
-1.305 0.159 9.856
-1.08 0.401 8.594
-0.403 0.637 7.166
0.723 0.797 5.7
1.081 1.2 4.948
0.732 1.296 5.316
-0.297 1.304 6.085
-0.914 0.924 6.382
-0.978 0.633 5.89
-0.923 0.776 4.396
-0.77 0.914 2.81
-0.581 0.857 0.969
-0.316 0.78 -0.825
-0.431 0.237 -1.242