0.0000 0.0000 0.0000
-0.696 2.375 1.988
-0.523 2.026 1.393
-0.359 1.625 1.176
-0.142 1.454 0.645
0.061 1.274 0.459
0.236 1.138 0.551
0.307 0.929 0.712
0.362 0.629 0.951
0.343 0.222 1.269
0.275 -0.067 1.306
0.161 -0.215 1.184
-0.001 -0.547 0.833
-0.07 -0.604 0.543
0.143 -0.527 0.178
0.465 -0.62 0.315
0.763 -0.489 0.749
1.023 -0.44 1.941
1.343 -0.439 3.428
1.536 -0.525 4.947
1.598 -0.627 6.374
1.326 -0.633 7.219
0.969 -0.389 7.35
0.329 -0.212 6.951
0.184 -0.044 6.963
0.485 -0.049 7.508
1.143 -0.026 7.99
1.365 -0.11 8.251
1.935 0.116 8.451
1.655 0.449 8.675
0.714 0.611 8.54
0.289 0.472 8.048
-0.127 0.502 7.097
-0.278 0.702 5.568
0.232 0.727 4.347
0.407 0.973 3.352
0.469 0.996 2.302
0.638 0.957 1.71
0.764 0.861 1.521
0.765 0.809 1.541
0.576 0.771 1.534
0.355 0.703 1.492
0.199 0.658 1.283
0.179 0.636 1.034
0.092 0.546 0.603
-0.011 0.5 -0.232
-0.139 0.381 -0.847