0.0000 0.0000 0.0000
-0.36 2.237 7.203
-0.048 1.919 6.276
0.128 1.641 5.243
0.21 1.546 3.848
0.163 1.313 2.843
0.017 1.13 1.955
-0.104 0.94 1.199
-0.119 0.682 0.347
-0.056 0.458 -0.299
0.018 0.128 -0.7
-0.026 -0.108 -1.13
-0.11 -0.287 -1.388
-0.323 -0.361 -1.473
-0.437 -0.437 -1.55
-0.341 -0.48 -1.558
-0.376 -0.388 -1.48
-0.27 -0.358 -1.513
-0.044 -0.477 -1.646
0.063 -0.593 -1.749
0.125 -0.715 -1.737
0.251 -0.756 -1.253
0.286 -0.844 -0.688
0.335 -0.949 0.06
0.551 -1.233 1.166
1.435 -1.48 2.429
2.128 -1.944 4.159
2.596 -2.129 5.984
2.914 -2.071 8.041
2.76 -2.2 10.684
2.855 -2.627 13.598
2.845 -2.614 15.625
2.63 -2.283 16.691
1.953 -1.865 16.281
1.542 -1.524 15.17