0.0000 0.0000 0.0000
-0.093 2.031 8.599
-0.101 1.759 7.351
0.055 1.634 6.03
0.049 1.54 4.841
-0.032 1.403 3.874
-0.098 1.34 2.53
-0.088 1.215 1.311
-0.079 1.067 0.232
-0.123 0.952 -0.833
-0.171 0.814 -1.379
-0.223 0.698 -2.155
-0.269 0.593 -2.62
-0.346 0.551 -2.823
-0.492 0.548 -2.868
-0.684 0.459 -2.702
-0.728 0.326 -2.32
-0.698 0.018 -1.941
-0.585 -0.293 -1.368
-0.432 -0.583 -0.679
-0.276 -0.628 -0.12
-0.025 -0.806 0.417
0.459 -1.105 0.539
0.681 -1.106 0.39
0.837 -1.099 0.049
1.27 -1.058 0.027
1.97 -1.211 0.119
2.222 -1.262 0.736
2.051 -1.248 1.507
1.794 -1.002 2.718
1.529 -0.885 4.05
1.479 -0.874 5.455
1.857 -1.123 7.486
2.645 -1.329 9.582
3.053 -1.231 11.235
2.782 -0.978 12.611
2.53 -0.708 13.582
2.587 -0.258 13.62
2.613 0.12 12.965
2.567 0.582 11.6
2.603 1.188 9.733
2.929 1.362 7.967
3.032 1.553 6.903
2.591 1.665 6.669
1.711 1.688 6.218
0.928 1.692 4.665
0.344 1.471 3.336
-0.344 1.298 2.83