0.0000 0.0000 0.0000
-0.42 1.255 6.194
-0.568 1.069 4.989
-0.494 1.074 3.645
-0.505 1.122 2.643
-0.403 1.044 1.844
-0.328 0.983 0.927
-0.398 0.979 0.308
-0.496 0.95 -0.04
-0.602 0.89 -0.545
-0.852 0.818 -0.766
-0.939 0.633 -0.974
-0.931 0.457 -1.178
-0.795 0.317 -1.345
-0.578 0.181 -1.4
-0.503 0.086 -1.484
-0.487 -0.068 -1.465
-0.559 -0.234 -1.37
-0.623 -0.288 -1.198
-0.552 -0.337 -1.053
-0.359 -0.398 -0.827
0.012 -0.573 -0.537
0.261 -0.749 -0.345
0.648 -0.881 -0.009
1.144 -0.974 0.206
1.357 -0.902 0.875
1.781 -0.984 1.537
2.086 -1.179 2.435
2.42 -1.25 3.553
2.35 -1.289 4.603
2.115 -1.281 5.22
2.016 -1.463 5.543
2.056 -1.842 5.867
2.281 -1.77 6.358
2.389 -1.61 7.093
2.348 -1.604 8.857
2.208 -1.513 11.04
1.961 -1.267 13.168
1.843 -1.028 14.333
2.072 -0.71 13.658
2.21 -0.156 11.948
2.221 0.557 10.081
2.353 1.139 8.909
2.367 1.266 8.449
2.001 1.622 8.043
1.379 1.934 6.765
0.68 2.034 5.261
0.026 2.365 4.45